9
1
1
41
16|22|42|66|19|23|35|68|18|26|33|57|17|28|36|58|27|56|69|85|89|25|55|67|84|88|24|54|65|83|87|12|32|34|49|64|13|31|38|50|63
6,22 10,18 12,16 14,14 28,0 28,0 28,0 28,0 28,0 28,0 28,0 28,0 28,0 28,0 28,0 28,0 28,0 28,0 28,0 28,0 28,0 28,0 28,0 28,0 28,0 28,0 28,0 28,0 28,0 28,0 28,0 28,0 28,0 28,0 28,0 28,0 28,0 28,0 28,0 28,0 28,0 
28,0 28,0 28,0 28,0 0,28 10,18 12,16 18,10 28,0 28,0 28,0 28,0 28,0 28,0 28,0 28,0 28,0 28,0 28,0 28,0 28,0 28,0 28,0 28,0 28,0 28,0 28,0 28,0 28,0 28,0 28,0 28,0 28,0 28,0 28,0 28,0 28,0 28,0 28,0 28,0 28,0 
28,0 28,0 28,0 28,0 28,0 28,0 28,0 28,0 0,28 10,18 12,16 18,10 28,0 28,0 28,0 28,0 28,0 28,0 28,0 28,0 28,0 28,0 28,0 28,0 28,0 28,0 28,0 28,0 28,0 28,0 28,0 28,0 28,0 28,0 28,0 28,0 28,0 28,0 28,0 28,0 28,0 
28,0 28,0 28,0 28,0 28,0 28,0 28,0 28,0 28,0 28,0 28,0 28,0 0,28 10,18 12,16 18,10 28,0 28,0 28,0 28,0 28,0 28,0 28,0 28,0 28,0 28,0 28,0 28,0 28,0 28,0 28,0 28,0 28,0 28,0 28,0 28,0 28,0 28,0 28,0 28,0 28,0 
28,0 28,0 28,0 28,0 28,0 28,0 28,0 28,0 28,0 28,0 28,0 28,0 28,0 28,0 28,0 28,0 14,14 14,14 18,10 18,10 20,8 28,0 28,0 28,0 28,0 28,0 28,0 28,0 28,0 28,0 28,0 28,0 28,0 28,0 28,0 28,0 28,0 28,0 28,0 28,0 28,0 
28,0 28,0 28,0 28,0 28,0 28,0 28,0 28,0 28,0 28,0 28,0 28,0 28,0 28,0 28,0 28,0 28,0 28,0 28,0 28,0 28,0 14,14 14,14 18,10 18,10 20,8 28,0 28,0 28,0 28,0 28,0 28,0 28,0 28,0 28,0 28,0 28,0 28,0 28,0 28,0 28,0 
28,0 28,0 28,0 28,0 28,0 28,0 28,0 28,0 28,0 28,0 28,0 28,0 28,0 28,0 28,0 28,0 28,0 28,0 28,0 28,0 28,0 28,0 28,0 28,0 28,0 28,0 14,14 14,14 18,10 18,10 20,8 28,0 28,0 28,0 28,0 28,0 28,0 28,0 28,0 28,0 28,0 
28,0 28,0 28,0 28,0 28,0 28,0 28,0 28,0 28,0 28,0 28,0 28,0 28,0 28,0 28,0 28,0 28,0 28,0 28,0 28,0 28,0 28,0 28,0 28,0 28,0 28,0 28,0 28,0 28,0 28,0 28,0 17,11 21,7 25,3 22,6 18,10 28,0 28,0 28,0 28,0 28,0 
28,0 28,0 28,0 28,0 28,0 28,0 28,0 28,0 28,0 28,0 28,0 28,0 28,0 28,0 28,0 28,0 28,0 28,0 28,0 28,0 28,0 28,0 28,0 28,0 28,0 28,0 28,0 28,0 28,0 28,0 28,0 28,0 28,0 28,0 28,0 28,0 17,11 21,7 25,3 22,6 18,10 
