7
1
1
28
7|8|9|10|17|23|25|31|32|33|34|35|36|39|40|41|63|64|65|66|67|69|72|73|74|87|88|91
30,-16 31,-25 31,-6 31,-7 31,-18 31,-20 31,-31 31,-1 31,-8 31,-21 20,-16 31,-17 31,-7 31,-27 31,-17 7,15 31,-6 31,-16 31,-31 31,-11 25,-41 31,-12 31,-32 31,-48 31,-17 31,-67 31,-30 31,-8 
31,-17 31,-25 31,-6 31,-7 31,-18 31,-20 31,-31 31,-1 31,-8 31,-21 31,-27 31,-17 20,4 31,-27 7,7 31,-9 31,-6 31,-16 31,-31 25,-5 31,-47 31,-12 30,-31 31,-48 31,-17 31,-67 31,-30 31,-8 
31,-17 31,-25 31,-6 31,-7 31,-18 31,-20 31,-31 31,-1 31,-8 31,-21 31,-27 20,-6 31,-7 7,-3 31,-17 31,-9 31,-6 31,-16 25,-25 31,-11 31,-47 31,-12 31,-32 30,-47 31,-17 31,-67 31,-30 31,-8 
31,-17 31,-25 31,-6 31,-7 31,-18 31,-20 20,-20 31,-1 18,5 31,-21 31,-27 31,-17 31,-7 31,-27 31,-17 31,-9 31,-6 25,-10 31,-31 31,-11 31,-47 31,-12 31,-32 31,-48 30,-16 31,-67 31,-30 31,-8 
31,-17 30,-24 31,-6 31,-7 31,-18 20,-9 31,-31 18,12 31,-8 31,-21 31,-27 31,-17 31,-7 31,-27 31,-17 31,-9 25,0 31,-16 31,-31 31,-11 31,-47 31,-12 31,-32 31,-48 31,-17 31,-67 31,-30 31,-8 
31,-17 31,-25 31,-6 30,-6 20,-7 31,-20 31,-31 31,-1 31,-8 18,-8 31,-27 31,-17 31,-7 31,-27 31,-17 31,-9 31,-6 31,-16 31,-31 31,-11 31,-47 31,-12 31,-32 31,-48 31,-17 31,-67 31,-30 25,-2 
31,-17 31,-42 30,-22 31,-24 31,-18 31,-37 31,-48 31,-18 31,-25 31,-38 31,-44 31,-34 31,-24 31,-44 31,-34 31,-26 31,-23 31,-33 31,-48 31,-28 31,-47 25,-23 31,-32 31,-48 31,-17 20,-56 18,-34 31,-25 
