6
1
1
60
130|131|132|133|134|135|16|17|18|21|22|23|36|37|38|39|168|169|170|167|166|165|48|49|50|51|52|53|54|55|56|57|58|59|60|61|62|63|70|71|81|82|83|84|85|86|92|93|94|95|96|97|98|99|109|110|111|112|113|114
170,-29 170,-138 170,-123 170,-31 170,-136 120,31 170,-115 170,-33 170,-167 170,-105 170,-35 146,-63 170,-149 170,-16 170,-18 170,-72 170,-267 170,-181 141,-187 170,-134 170,-190 170,-125 170,-81 170,-131 170,-1 170,-167 170,-165 170,-129 170,-67 170,-164 170,-58 125,42 170,-4 170,-63 170,-53 170,-73 170,-127 117,-84 170,-99 146,-20 170,-156 170,-87 170,-160 170,-139 170,-53 157,-3 170,-140 170,-32 170,-90 170,-106 170,-135 169,-36 170,-101 148,-17 170,-82 170,-140 170,-160 170,-37 170,-124 146,1 
170,-29 170,-138 170,-123 170,-31 120,-86 170,-19 170,-115 170,-33 170,-167 170,-105 146,-11 170,-87 170,-149 170,-16 170,-18 170,-72 170,-267 141,-152 170,-216 170,-134 170,-190 170,-125 170,-81 170,-131 170,-1 170,-167 170,-165 170,-129 170,-67 170,-164 125,-13 170,-3 170,-4 170,-63 170,-53 170,-73 117,-74 170,-137 146,-75 170,-44 170,-156 170,-87 170,-160 170,-139 157,-40 170,-16 170,-140 170,-32 170,-90 170,-106 169,-134 170,-37 148,-79 170,-39 170,-82 170,-140 170,-160 170,-37 146,-100 170,-23 
170,-29 170,-138 170,-123 147,-8 170,-136 170,-19 170,-115 170,-33 170,-167 146,-81 170,-35 170,-87 170,-149 170,-16 170,-18 133,-35 128,-225 170,-181 170,-216 170,-134 170,-190 170,-125 170,-81 170,-131 170,-1 170,-167 162,-157 170,-129 170,-67 149,-143 170,-58 170,-3 170,-4 170,-63 170,-53 150,-53 170,-127 170,-137 170,-99 170,-44 170,-156 170,-87 170,-160 157,-126 170,-53 170,-16 170,-140 170,-32 170,-90 169,-105 170,-135 170,-37 170,-101 170,-39 170,-82 170,-140 170,-160 146,-13 170,-124 170,-23 
170,-29 170,-138 147,-100 170,-31 170,-136 170,-19 170,-115 170,-33 146,-143 170,-105 170,-35 170,-87 170,-149 170,-16 133,19 170,-72 170,-267 170,-181 170,-216 128,-92 170,-190 170,-125 170,-81 170,-131 170,-1 162,-159 170,-165 170,-129 149,-46 170,-164 170,-58 170,-3 170,-4 170,-63 150,-33 170,-73 170,-127 170,-137 170,-99 170,-44 170,-156 170,-87 157,-147 170,-139 170,-53 170,-16 170,-140 170,-32 169,-89 170,-106 170,-135 170,-37 170,-101 170,-39 170,-82 170,-140 146,-136 170,-37 170,-124 170,-23 
170,-29 147,-115 170,-123 170,-31 170,-136 170,-19 170,-115 146,-9 170,-167 170,-105 170,-35 170,-87 170,-149 133,21 170,-18 170,-72 170,-267 170,-181 170,-216 170,-134 128,-148 170,-125 170,-81 170,-131 162,7 170,-167 170,-165 149,-108 170,-67 170,-164 170,-58 170,-3 170,-4 150,-43 170,-53 170,-73 170,-127 170,-137 170,-99 170,-44 170,-156 157,-74 170,-160 170,-139 170,-53 170,-16 170,-140 169,-31 170,-90 170,-106 170,-135 170,-37 170,-101 170,-39 170,-82 146,-116 170,-160 170,-37 170,-124 170,-23 
129,12 170,-138 170,-123 170,-31 170,-136 170,-19 146,-91 170,-33 170,-167 170,-105 170,-35 170,-87 148,-127 170,-16 170,-18 170,-72 170,-267 170,-181 170,-216 170,-134 170,-190 128,-83 134,-45 151,-112 170,-1 170,-167 170,-165 170,-129 170,-67 170,-164 170,-58 170,-3 150,16 170,-63 170,-53 170,-73 170,-127 170,-137 170,-99 170,-44 157,-143 170,-87 170,-160 170,-139 170,-53 170,-16 169,-139 170,-32 170,-90 170,-106 170,-135 170,-37 170,-101 170,-39 146,-58 170,-140 170,-160 170,-37 170,-124 170,-23 
