12
1
1
72
130|131|272|17|18|147|20|148|150|23|24|25|26|27|28|29|409|152|161|162|419|164|166|167|169|170|171|44|45|46|47|176|177|48|178|307|309|313|314|67|68|69|74|80|81|84|222|223|98|99|100|101|102|103|104|105|106|300|236|237|238|239|240|241|242|243|244|111|246|247|245|253
75,-70 88,-2 88,-92 88,-16 88,-69 88,-112 88,-55 88,-108 88,-15 88,-43 84,-30 88,-18 88,-87 88,-13 88,-33 88,-62 88,-23 88,-61 88,-85 56,19 88,-31 88,-63 88,-1 88,-84 88,-131 88,-26 88,-82 88,-4 88,-86 88,-1 58,-40 88,-80 88,-42 88,-74 88,-34 88,-38 88,-17 88,-67 88,-1 88,-34 88,-15 88,-53 88,-3 88,-2 88,-87 88,-24 88,-66 88,-67 88,-50 71,-67 88,-59 88,-85 88,-26 88,-70 88,-55 88,-61 88,-16 88,-5 88,-123 88,-113 88,-100 88,-100 68,-37 88,-93 88,-93 88,-60 88,-38 88,-85 88,-62 88,-166 88,-166 88,-82 
88,-83 88,-2 88,-92 88,-16 88,-69 88,-112 88,-55 88,-108 88,-15 88,-43 88,-34 88,-18 84,-83 88,-13 88,-33 88,-62 88,-23 88,-61 88,-85 88,-13 88,-31 56,-31 88,-1 88,-84 88,-131 88,-26 88,-82 88,-4 88,-86 88,-1 88,-70 75,-67 88,-42 88,-74 88,-34 88,-38 88,-17 88,-67 88,-1 58,-4 88,-15 88,-53 88,-3 88,-2 88,-87 88,-24 88,-66 88,-67 88,-50 88,-84 71,-42 88,-85 88,-26 88,-70 88,-55 88,-61 88,-16 88,-5 88,-123 88,-113 88,-100 88,-100 88,-57 68,-73 88,-93 88,-60 88,-38 88,-85 88,-62 88,-166 88,-166 88,-82 
88,-83 88,-2 88,-92 88,-16 88,-69 88,-112 88,-55 88,-108 88,-15 88,-43 88,-34 88,-18 88,-87 88,-13 84,-29 88,-62 88,-23 88,-61 51,-48 88,-13 88,-31 88,-63 88,-1 88,-84 88,-131 88,-26 88,-82 88,-4 88,-86 88,-1 88,-70 88,-80 88,-42 88,-74 88,-34 88,-38 88,-17 88,-67 75,12 88,-34 88,-15 88,-53 88,-3 88,-2 88,-87 88,-24 88,-66 88,-67 88,-50 88,-84 88,-59 88,-85 88,-26 66,-48 88,-55 88,-61 88,-16 88,-5 88,-123 88,-113 88,-100 88,-100 88,-57 88,-93 88,-93 88,-60 68,-18 88,-85 88,-62 88,-166 88,-166 58,-52 
88,-83 88,-2 88,-92 88,-16 88,-69 88,-112 88,-55 88,-108 88,-15 84,-39 88,-34 88,-18 88,-87 88,-13 88,-33 88,-62 88,-23 88,-61 88,-85 88,-13 88,-31 88,-63 88,-1 88,-84 88,-131 51,11 88,-82 58,26 88,-86 88,-1 88,-70 88,-80 88,-42 88,-74 88,-34 88,-38 88,-17 75,-54 88,-1 88,-34 88,-15 88,-53 88,-3 88,-2 88,-87 88,-24 88,-66 88,-67 88,-50 88,-84 88,-59 88,-85 88,-26 88,-70 88,-55 66,-39 88,-16 88,-5 88,-123 88,-113 88,-100 88,-100 88,-57 88,-93 68,-73 88,-60 88,-38 88,-85 88,-62 88,-166 88,-166 88,-82 
88,-83 88,-2 88,-92 88,-16 88,-69 88,-112 88,-55 88,-108 88,-15 88,-43 88,-34 84,-14 88,-87 88,-13 88,-33 88,-62 88,-23 88,-61 88,-85 88,-13 88,-31 88,-63 51,36 88,-84 88,-131 88,-26 88,-82 88,-4 58,-56 88,-1 88,-70 88,-80 88,-42 88,-74 88,-34 88,-38 75,-4 88,-67 88,-1 88,-34 88,-15 88,-53 88,-3 88,-2 88,-87 88,-24 88,-66 88,-67 88,-50 88,-84 88,-59 88,-85 66,-4 88,-70 88,-55 88,-61 88,-16 88,-5 88,-123 88,-113 88,-100 88,-100 88,-57 88,-93 88,-93 68,-40 88,-38 88,-85 88,-62 88,-166 88,-166 88,-82 
88,-83 75,11 88,-92 88,-16 88,-69 88,-112 84,-51 88,-108 88,-15 88,-43 88,-34 88,-18 88,-87 88,-13 88,-33 88,-62 88,-23 88,-61 88,-85 88,-13 88,-31 88,-63 88,-1 88,-84 56,-99 88,-26 88,-82 88,-4 88,-86 58,29 88,-70 88,-80 88,-42 88,-74 88,-34 88,-38 88,-17 88,-67 88,-1 88,-34 88,-15 88,-53 88,-3 88,-2 88,-87 88,-24 88,-66 88,-67 88,-50 88,-84 88,-59 71,-68 88,-26 88,-70 88,-55 88,-61 88,-16 88,-5 88,-123 88,-113 88,-100 68,-80 88,-57 88,-93 88,-93 88,-60 88,-38 88,-85 88,-62 88,-166 88,-166 88,-82 
88,-83 88,-2 88,-92 88,-16 88,-69 88,-112 88,-55 88,-108 88,-15 88,-43 88,-34 88,-18 88,-87 84,-9 88,-33 88,-62 88,-23 88,-61 88,-85 88,-13 88,-31 88,-63 88,-1 56,-52 88,-131 88,-26 88,-82 88,-4 88,-86 88,-1 88,-70 88,-80 75,-29 88,-74 88,-34 88,-38 88,-17 88,-67 88,-1 88,-34 58,15 88,-53 88,-3 88,-2 88,-87 88,-24 88,-66 88,-67 88,-50 88,-84 88,-59 88,-85 88,-26 88,-70 88,-55 88,-61 71,1 88,-5 88,-123 68,-93 88,-100 88,-100 88,-57 88,-93 88,-93 88,-60 88,-38 88,-85 88,-62 88,-166 88,-166 88,-82 
88,-83 88,-2 88,-92 88,-16 88,-69 88,-112 88,-55 88,-108 75,-2 88,-43 88,-34 88,-18 88,-87 88,-13 88,-33 84,-58 88,-23 88,-61 88,-85 88,-13 88,-31 88,-63 88,-1 88,-84 88,-131 88,-26 56,-50 88,-4 88,-86 88,-1 88,-70 88,-80 88,-42 88,-74 88,-34 88,-38 88,-17 88,-67 88,-1 88,-34 88,-15 58,-23 88,-3 88,-2 88,-87 88,-24 88,-66 88,-67 71,-33 88,-84 88,-59 88,-85 88,-26 88,-70 88,-55 88,-61 88,-16 88,-5 68,-103 88,-113 88,-100 88,-100 88,-57 88,-93 88,-93 88,-60 88,-38 88,-85 88,-62 88,-166 88,-166 88,-82 
88,-83 88,-2 88,-92 88,-16 88,-69 88,-112 88,-55 88,-108 88,-15 88,-43 88,-34 88,-18 88,-87 88,-13 88,-33 88,-62 68,-3 88,-61 88,-85 88,-13 88,-31 88,-63 88,-1 88,-84 88,-131 88,-26 88,-82 88,-4 88,-86 88,-1 88,-70 88,-80 88,-42 40,-26 88,-34 88,-38 88,-17 88,-67 88,-1 88,-34 88,-15 88,-53 88,-3 88,-2 88,-87 49,15 88,-66 88,-67 88,-50 88,-84 88,-59 88,-85 88,-26 88,-70 64,-31 88,-61 88,-16 88,-5 88,-123 88,-113 88,-100 88,-100 88,-57 88,-93 88,-93 88,-60 88,-38 75,-72 14,12 88,-166 88,-166 88,-82 
88,-83 88,-2 88,-92 60,12 88,-69 88,-112 88,-55 88,-108 88,-15 88,-43 88,-34 88,-18 88,-87 88,-13 88,-33 88,-62 88,-23 88,-61 88,-85 88,-13 88,-31 88,-63 88,-1 88,-84 88,-131 88,-26 88,-82 88,-4 88,-86 88,-1 88,-70 88,-80 88,-42 88,-74 79,-25 66,-16 88,-17 88,-67 88,-1 88,-34 88,-15 88,-53 88,-3 66,20 88,-87 88,-24 58,-36 88,-67 88,-50 88,-84 88,-59 88,-85 88,-26 88,-70 88,-55 88,-61 88,-16 88,-5 88,-123 88,-113 38,-50 88,-100 88,-57 88,-93 88,-93 88,-60 88,-38 88,-85 88,-62 88,-166 88,-166 88,-82 
88,-83 88,-2 64,-68 88,-16 88,-69 75,-99 88,-55 88,-108 88,-15 88,-43 88,-34 88,-18 88,-87 88,-13 88,-33 88,-62 88,-23 88,-61 88,-85 88,-13 84,-27 88,-63 88,-1 88,-84 88,-131 88,-26 88,-82 88,-4 88,-86 88,-1 88,-70 88,-80 88,-42 88,-74 88,-34 88,-38 88,-17 88,-67 88,-1 88,-34 88,-15 88,-53 40,45 88,-2 49,-48 88,-24 88,-66 88,-67 88,-50 88,-84 88,-59 88,-85 88,-26 88,-70 88,-55 88,-61 88,-16 88,-5 88,-123 88,-113 88,-100 88,-100 88,-57 88,-93 88,-93 88,-60 88,-38 88,-85 88,-62 14,-92 88,-166 88,-82 
88,-83 88,-2 88,-92 88,-16 60,-41 88,-112 88,-55 79,-99 88,-15 88,-43 88,-34 88,-18 88,-87 88,-13 88,-33 88,-62 88,-23 66,-39 88,-85 88,-13 88,-31 88,-63 88,-1 88,-84 88,-131 88,-26 88,-82 88,-4 88,-86 88,-1 88,-70 88,-80 88,-42 88,-74 88,-34 88,-38 88,-17 88,-67 88,-1 88,-34 88,-15 88,-53 88,-3 88,-2 88,-87 88,-24 88,-66 58,-37 88,-50 88,-84 88,-59 88,-85 88,-26 88,-70 88,-55 88,-61 88,-16 66,17 88,-123 88,-113 88,-100 88,-100 88,-57 88,-93 88,-93 88,-60 88,-38 88,-85 88,-62 88,-166 38,-116 88,-82 
