16
1
1
96
18|19|20|21|22|23|24|25|26|27|28|29|30|57|67|85|87|98|99|100|101|102|103|104|105|106|112|130|131|133|134|135|140|141|143|147|148|149|150|161|162|163|166|171|172|173|174|175|176|177|178|179|180|182|183|204|209|236|237|238|239|240|241|242|243|244|245|246|247|251|264|265|266|274|278|279|301|302|303|304|305|306|307|322|326|378|379|380|381|382|383|406|409|417|418|420
66,-5 66,-9 66,-3 66,-6 66,-4 66,-8 31,28 66,-1 66,-7 66,-10 66,-5 66,-4 66,-8 66,-7 66,-2 66,-3 66,-8 66,-6 47,11 66,-7 66,-7 66,-9 66,-5 66,-1 66,-6 66,-1 66,-3 48,7 66,-3 66,-6 66,-1 66,-8 66,-9 66,-4 66,-2 66,-7 66,-8 66,-7 66,-8 66,-7 19,40 66,-5 66,-4 66,-4 66,-7 66,-7 66,-2 66,-7 66,-1 66,-4 66,-7 58,4 66,-6 66,-8 66,-9 66,-9 66,-6 66,-16 66,-11 66,-16 66,-11 66,-8 66,-16 66,-17 66,-9 66,-12 66,-14 66,-12 66,-17 66,-7 66,-8 66,-10 66,-11 66,-12 66,-19 66,-11 66,-12 66,-17 66,-11 66,-10 66,-9 66,-18 66,-14 66,-5 66,-16 66,-4 49,16 66,-10 66,-10 66,-2 66,-4 66,-9 66,-7 66,-2 66,-6 66,-6 
66,-5 66,-9 66,-3 66,-6 66,-4 66,-8 66,-7 66,-1 66,-7 66,-10 66,-5 66,-4 44,14 66,-7 66,-2 66,-3 66,-8 66,-6 66,-8 45,14 66,-7 66,-9 66,-5 66,-1 66,-6 66,-1 48,15 66,-11 66,-3 66,-6 66,-1 66,-8 66,-9 66,-4 66,-2 66,-7 66,-8 66,-7 66,-8 35,24 66,-7 66,-5 66,-4 66,-4 66,-7 66,-7 66,-2 66,-7 66,-1 66,-4 66,-7 66,-4 66,-6 66,-8 66,-9 49,8 66,-6 66,-16 66,-11 66,-16 66,-11 66,-8 58,-8 66,-17 66,-9 66,-12 66,-14 66,-12 66,-17 66,-7 66,-8 66,-10 66,-11 66,-12 66,-19 66,-11 66,-12 66,-17 66,-11 66,-10 66,-9 66,-18 66,-14 66,-5 66,-16 66,-4 66,-1 66,-10 66,-10 66,-2 66,-4 66,-9 66,-7 66,-2 66,-6 66,-6 
66,-5 66,-9 66,-3 66,-6 66,-4 66,-8 66,-7 44,21 66,-7 66,-10 66,-5 66,-4 66,-8 66,-7 66,-2 66,-3 66,-8 66,-6 66,-8 66,-7 66,-7 66,-9 66,-5 47,18 66,-6 66,-1 66,-3 66,-11 66,-3 66,-6 66,-1 66,-8 66,-9 66,-4 66,-2 66,-7 66,-8 66,-7 66,-8 66,-7 66,-7 37,24 66,-4 66,-4 66,-7 66,-7 66,-2 66,-7 66,-1 48,14 66,-7 66,-4 66,-6 66,-8 66,-9 66,-9 66,-6 66,-16 66,-11 66,-16 66,-11 66,-8 66,-16 66,-17 66,-9 66,-12 58,-6 66,-12 66,-17 66,-7 66,-8 66,-10 66,-11 66,-12 66,-19 66,-11 66,-12 66,-17 66,-11 66,-10 66,-9 66,-18 66,-14 66,-5 66,-16 66,-4 66,-1 49,7 66,-10 66,-2 66,-4 66,-9 66,-7 66,-2 66,-6 66,-6 
66,-5 66,-9 66,-3 66,-6 66,-4 40,18 66,-7 66,-1 66,-7 66,-10 66,-5 66,-4 66,-8 66,-7 66,-2 66,-3 66,-8 66,-6 66,-8 66,-7 47,12 66,-9 66,-5 66,-1 66,-6 66,-1 66,-3 66,-11 66,-3 66,-6 66,-1 66,-8 66,-9 66,-4 66,-2 66,-7 48,10 66,-7 66,-8 66,-7 66,-7 66,-5 18,44 66,-4 66,-7 66,-7 66,-2 66,-7 66,-1 66,-4 66,-7 66,-4 58,2 66,-8 66,-9 66,-9 66,-6 66,-16 66,-11 66,-16 66,-11 66,-8 66,-16 66,-17 66,-9 66,-12 66,-14 66,-12 66,-17 49,10 66,-8 66,-10 66,-11 66,-12 66,-19 66,-11 66,-12 66,-17 66,-11 66,-10 66,-9 66,-18 66,-14 66,-5 66,-16 66,-4 66,-1 66,-10 66,-10 66,-2 66,-4 66,-9 66,-7 66,-2 66,-6 66,-6 
66,-5 66,-9 66,-3 66,-6 66,-4 66,-8 66,-7 66,-1 66,-7 66,-10 66,-5 31,31 66,-8 66,-7 66,-2 66,-3 66,-8 66,-6 66,-8 66,-7 66,-7 66,-9 47,14 66,-1 66,-6 66,-1 66,-3 66,-11 66,-3 66,-6 66,-1 66,-8 66,-9 66,-4 66,-2 66,-7 66,-8 48,11 66,-8 66,-7 66,-7 66,-5 66,-4 19,43 66,-7 66,-7 66,-2 66,-7 66,-1 66,-4 66,-7 66,-4 66,-6 66,-8 66,-9 66,-9 66,-6 66,-16 66,-11 66,-16 66,-11 66,-8 66,-16 66,-17 66,-9 66,-12 66,-14 66,-12 66,-17 66,-7 66,-8 66,-10 66,-11 66,-12 66,-19 58,-3 66,-12 66,-17 66,-11 66,-10 66,-9 66,-18 66,-14 66,-5 66,-16 49,13 66,-1 66,-10 66,-10 66,-2 66,-4 66,-9 66,-7 66,-2 66,-6 66,-6 
66,-5 66,-9 44,19 66,-6 66,-4 66,-8 66,-7 66,-1 66,-7 66,-10 66,-5 66,-4 66,-8 66,-7 66,-2 66,-3 66,-8 47,13 66,-8 66,-7 66,-7 66,-9 66,-5 66,-1 66,-6 66,-1 66,-3 66,-11 48,15 66,-6 66,-1 66,-8 66,-9 66,-4 66,-2 66,-7 66,-8 66,-7 66,-8 66,-7 66,-7 66,-5 66,-4 66,-4 37,22 66,-7 66,-2 66,-7 66,-1 66,-4 66,-7 66,-4 66,-6 66,-8 66,-9 66,-9 49,11 66,-16 66,-11 58,-8 66,-11 66,-8 66,-16 66,-17 66,-9 66,-12 66,-14 66,-12 66,-17 66,-7 66,-8 66,-10 66,-11 66,-12 66,-19 66,-11 66,-12 66,-17 66,-11 66,-10 66,-9 66,-18 66,-14 66,-5 66,-16 66,-4 66,-1 66,-10 66,-10 66,-2 66,-4 66,-9 66,-7 66,-2 66,-6 66,-6 
66,-5 66,-9 66,-3 66,-6 66,-4 66,-8 66,-7 66,-1 66,-7 66,-10 66,-5 66,-4 66,-8 66,-7 66,-2 66,-3 66,-8 66,-6 66,-8 66,-7 66,-7 47,10 66,-5 66,-1 66,-6 66,-1 66,-3 66,-11 66,-3 66,-6 66,-1 66,-8 66,-9 66,-4 66,-2 66,-7 66,-8 66,-7 66,-8 66,-7 66,-7 66,-5 66,-4 66,-4 66,-7 66,-7 39,25 66,-7 66,-1 66,-4 48,11 66,-4 66,-6 66,-8 66,-9 66,-9 66,-6 66,-16 66,-11 66,-16 66,-11 45,13 66,-16 66,-17 66,-9 66,-12 66,-14 66,-12 66,-17 66,-7 66,-8 66,-10 66,-11 66,-12 66,-19 66,-11 66,-12 66,-17 66,-11 66,-10 66,-9 66,-18 66,-14 44,17 66,-16 66,-4 66,-1 66,-10 66,-10 45,19 66,-4 66,-9 66,-7 66,-2 66,-6 66,-6 
66,-5 66,-9 66,-3 66,-6 66,-4 66,-8 66,-7 66,-1 66,-7 66,-10 31,30 66,-4 66,-8 66,-7 66,-2 66,-3 66,-8 66,-6 66,-8 66,-7 66,-7 66,-9 66,-5 66,-1 66,-6 47,18 66,-3 66,-11 66,-3 66,-6 66,-1 66,-8 66,-9 66,-4 66,-2 66,-7 66,-8 66,-7 66,-8 66,-7 66,-7 66,-5 66,-4 66,-4 66,-7 66,-7 66,-2 19,40 48,17 66,-4 66,-7 66,-4 66,-6 66,-8 66,-9 66,-9 66,-6 66,-16 66,-11 66,-16 66,-11 66,-8 66,-16 66,-17 66,-9 66,-12 66,-14 66,-12 66,-17 66,-7 66,-8 66,-10 66,-11 66,-12 58,-11 66,-11 66,-12 66,-17 66,-11 66,-10 66,-9 66,-18 66,-14 66,-5 66,-16 66,-4 66,-1 66,-10 49,7 66,-2 66,-4 66,-9 66,-7 66,-2 66,-6 66,-6 
66,-5 66,-9 66,-3 66,-6 66,-4 66,-8 66,-7 66,-1 66,-7 66,-10 66,-5 66,-4 66,-8 66,-7 66,-2 66,-3 66,-8 66,-6 66,-8 66,-7 66,-7 66,-9 66,-5 66,-1 47,13 66,-1 66,-3 66,-11 66,-3 66,-6 66,-1 66,-8 66,-9 66,-4 66,-2 48,11 66,-8 66,-7 66,-8 66,-7 66,-7 66,-5 66,-4 66,-4 66,-7 39,20 66,-2 66,-7 66,-1 66,-4 66,-7 66,-4 66,-6 66,-8 66,-9 66,-9 66,-6 66,-16 66,-11 66,-16 66,-11 66,-8 66,-16 45,4 66,-9 66,-12 66,-14 66,-12 66,-17 66,-7 66,-8 66,-10 66,-11 66,-12 66,-19 66,-11 66,-12 66,-17 66,-11 66,-10 66,-9 66,-18 66,-14 66,-5 44,6 66,-4 66,-1 66,-10 66,-10 66,-2 45,17 66,-9 66,-7 66,-2 66,-6 66,-6 
39,22 66,-9 66,-3 66,-6 66,-4 66,-8 66,-7 66,-1 66,-7 66,-10 66,-5 66,-4 66,-8 66,-7 49,15 66,-3 51,7 66,-6 66,-8 66,-7 66,-7 66,-9 66,-5 66,-1 66,-6 66,-1 66,-3 66,-11 66,-3 66,-6 66,-1 66,-8 66,-9 66,-4 66,-2 66,-7 66,-8 66,-7 56,2 66,-7 66,-7 66,-5 66,-4 66,-4 66,-7 66,-7 66,-2 66,-7 66,-1 66,-4 66,-7 66,-4 66,-6 66,-8 66,-9 66,-9 66,-6 66,-16 66,-11 66,-16 66,-11 66,-8 66,-16 66,-17 66,-9 66,-12 66,-14 13,41 66,-17 66,-7 66,-8 66,-10 66,-11 66,-12 66,-19 66,-11 66,-12 66,-17 66,-11 66,-10 58,-1 66,-18 66,-14 66,-5 66,-16 66,-4 66,-1 66,-10 66,-10 66,-2 66,-4 66,-9 66,-7 66,-2 66,-6 66,-6 
66,-5 66,-9 66,-3 66,-6 66,-4 66,-8 66,-7 66,-1 51,8 66,-10 66,-5 66,-4 66,-8 66,-7 66,-2 66,-3 66,-8 66,-6 66,-8 66,-7 66,-7 66,-9 66,-5 66,-1 66,-6 66,-1 66,-3 66,-11 66,-3 66,-6 66,-1 66,-8 49,8 66,-4 66,-2 66,-7 66,-8 66,-7 66,-8 66,-7 66,-7 66,-5 66,-4 66,-4 66,-7 66,-7 66,-2 66,-7 66,-1 66,-4 66,-7 66,-4 66,-6 66,-8 66,-9 66,-9 66,-6 66,-16 66,-11 66,-16 66,-11 66,-8 66,-16 66,-17 66,-9 66,-12 66,-14 66,-12 40,9 66,-7 66,-8 66,-10 55,0 66,-12 66,-19 66,-11 66,-12 66,-17 66,-11 66,-10 66,-9 66,-18 27,25 66,-5 66,-16 66,-4 66,-1 66,-10 66,-10 66,-2 66,-4 66,-9 66,-7 66,-2 66,-6 40,20 
66,-5 66,-9 66,-3 66,-6 66,-4 66,-8 66,-7 66,-1 66,-7 51,5 66,-5 66,-4 66,-8 66,-7 66,-2 66,-3 66,-8 66,-6 66,-8 66,-7 66,-7 66,-9 66,-5 66,-1 66,-6 66,-1 66,-3 66,-11 66,-3 66,-6 66,-1 66,-8 66,-9 49,13 66,-2 66,-7 66,-8 66,-7 66,-8 66,-7 66,-7 66,-5 66,-4 66,-4 66,-7 66,-7 66,-2 66,-7 66,-1 66,-4 66,-7 66,-4 66,-6 66,-8 66,-9 66,-9 66,-6 66,-16 40,15 66,-16 66,-11 66,-8 66,-16 66,-17 66,-9 66,-12 66,-14 66,-12 66,-17 66,-7 66,-8 55,1 66,-11 66,-12 66,-19 66,-11 66,-12 66,-17 66,-11 66,-10 66,-9 27,21 66,-14 66,-5 66,-16 66,-4 66,-1 66,-10 66,-10 66,-2 66,-4 40,17 66,-7 66,-2 66,-6 66,-6 
66,-5 51,6 66,-3 66,-6 66,-4 66,-8 66,-7 66,-1 66,-7 66,-10 66,-5 66,-4 66,-8 40,19 66,-2 66,-3 66,-8 66,-6 66,-8 66,-7 66,-7 66,-9 66,-5 66,-1 66,-6 66,-1 66,-3 66,-11 66,-3 66,-6 66,-1 66,-8 66,-9 66,-4 49,15 66,-7 66,-8 66,-7 66,-8 66,-7 66,-7 66,-5 66,-4 66,-4 66,-7 66,-7 66,-2 66,-7 66,-1 66,-4 66,-7 66,-4 66,-6 66,-8 66,-9 66,-9 66,-6 66,-16 66,-11 66,-16 66,-11 66,-8 66,-16 66,-17 66,-9 40,14 66,-14 66,-12 66,-17 66,-7 55,3 66,-10 66,-11 66,-12 66,-19 66,-11 66,-12 66,-17 66,-11 27,29 66,-9 66,-18 66,-14 66,-5 66,-16 66,-4 66,-1 66,-10 66,-10 66,-2 66,-4 66,-9 66,-7 66,-2 66,-6 66,-6 
66,-5 66,-9 66,-3 66,-6 51,11 66,-8 66,-7 66,-1 66,-7 66,-10 66,-5 66,-4 66,-8 66,-7 66,-2 66,-3 66,-8 66,-6 66,-8 66,-7 66,-7 66,-9 66,-5 66,-1 66,-6 66,-1 66,-3 66,-11 66,-3 49,11 66,-1 66,-8 66,-9 66,-4 66,-2 66,-7 66,-8 66,-7 66,-8 66,-7 66,-7 66,-5 66,-4 66,-4 66,-7 66,-7 66,-2 66,-7 66,-1 66,-4 66,-7 66,-4 66,-6 66,-8 55,2 66,-9 66,-6 66,-16 66,-11 66,-16 66,-11 66,-8 66,-16 66,-17 40,17 66,-12 66,-14 66,-12 66,-17 66,-7 66,-8 66,-10 66,-11 66,-12 66,-19 66,-11 66,-12 66,-17 36,19 66,-10 66,-9 66,-18 66,-14 66,-5 66,-16 66,-4 66,-1 66,-10 66,-10 66,-2 66,-4 66,-9 66,-7 66,-2 40,20 66,-6 
66,-5 66,-9 66,-3 51,9 66,-4 66,-8 66,-7 66,-1 66,-7 66,-10 66,-5 66,-4 66,-8 66,-7 66,-2 66,-3 66,-8 66,-6 66,-8 66,-7 66,-7 66,-9 66,-5 66,-1 66,-6 66,-1 66,-3 66,-11 66,-3 66,-6 49,16 66,-8 66,-9 66,-4 66,-2 66,-7 66,-8 66,-7 66,-8 66,-7 66,-7 66,-5 66,-4 66,-4 66,-7 66,-7 66,-2 66,-7 66,-1 66,-4 66,-7 66,-4 66,-6 66,-8 66,-9 66,-9 66,-6 66,-16 66,-11 66,-16 40,15 66,-8 66,-16 66,-17 66,-9 66,-12 66,-14 66,-12 66,-17 66,-7 66,-8 66,-10 66,-11 55,-1 66,-19 66,-11 66,-12 35,14 66,-11 66,-10 66,-9 66,-18 66,-14 66,-5 66,-16 66,-4 66,-1 66,-10 66,-10 66,-2 66,-4 66,-9 66,-7 56,8 66,-6 66,-6 
66,-5 66,-9 66,-3 66,-6 66,-4 66,-8 66,-7 66,-1 66,-7 66,-10 66,-5 66,-4 66,-8 66,-7 66,-2 51,12 66,-8 66,-6 66,-8 66,-7 66,-7 66,-9 66,-5 66,-1 66,-6 66,-1 66,-3 66,-11 66,-3 66,-6 66,-1 49,9 66,-9 66,-4 66,-2 66,-7 66,-8 66,-7 66,-8 66,-7 66,-7 66,-5 66,-4 66,-4 66,-7 66,-7 66,-2 66,-7 66,-1 66,-4 66,-7 66,-4 66,-6 55,3 66,-9 66,-9 66,-6 40,10 66,-11 66,-16 66,-11 66,-8 66,-16 66,-17 66,-9 66,-12 66,-14 66,-12 66,-17 66,-7 66,-8 66,-10 66,-11 66,-12 66,-19 66,-11 31,23 66,-17 66,-11 66,-10 66,-9 66,-18 66,-14 66,-5 66,-16 66,-4 66,-1 66,-10 66,-10 66,-2 66,-4 66,-9 40,19 66,-2 66,-6 66,-6 
