7
1
1
28
7|8|9|10|17|23|25|31|32|33|34|35|36|39|40|41|63|64|65|66|67|69|72|73|74|87|88|91
21,2 31,-7 31,-4 31,-3 31,-16 31,-8 31,-4 31,-3 31,-3 31,-8 30,-1 31,-5 31,-9 31,-13 31,-3 20,5 31,-4 31,-8 31,-7 31,-1 21,-5 31,-11 31,-9 31,-13 31,-12 31,-23 31,-15 31,-13 
31,-8 31,-7 31,-4 31,-3 31,-16 31,-8 31,-4 31,-3 31,-3 31,-8 31,-2 31,-5 30,-8 31,-13 20,8 31,-6 31,-4 31,-8 31,-7 21,9 31,-15 31,-11 21,1 31,-13 31,-12 31,-23 31,-15 31,-13 
31,-8 31,-7 31,-4 31,-3 31,-16 31,-8 31,-4 31,-3 31,-3 31,-8 31,-2 30,-4 31,-9 20,-2 31,-3 31,-6 31,-4 31,-8 21,3 31,-1 31,-15 31,-11 31,-9 21,-3 31,-12 31,-23 31,-15 31,-13 
31,-8 31,-7 31,-4 31,-3 31,-16 31,-8 30,-3 31,-3 21,7 31,-8 31,-2 31,-5 31,-9 31,-13 31,-3 31,-6 31,-4 21,2 31,-7 31,-1 31,-15 31,-11 31,-9 31,-13 21,-2 31,-23 31,-15 31,-13 
31,-8 21,3 31,-4 31,-3 31,-16 30,-7 31,-4 21,7 31,-3 31,-8 31,-2 31,-5 31,-9 31,-13 31,-3 31,-6 21,6 31,-8 31,-7 31,-1 31,-15 31,-11 31,-9 31,-13 31,-12 31,-23 31,-15 31,-13 
31,-8 31,-7 31,-4 21,7 30,-15 31,-8 31,-4 31,-3 31,-3 21,2 31,-2 31,-5 31,-9 31,-13 31,-3 31,-6 31,-4 31,-8 31,-7 31,-1 31,-15 31,-11 31,-9 31,-13 31,-12 31,-23 31,-15 21,-3 
31,-8 31,-15 21,-2 31,-11 31,-16 31,-16 31,-12 31,-11 31,-11 31,-16 31,-10 31,-13 31,-17 31,-21 31,-11 31,-14 31,-12 31,-16 31,-15 31,-9 31,-15 21,-9 31,-9 31,-13 31,-12 30,-22 21,-13 31,-21 
