6
1
1
60
130|131|132|133|134|135|16|17|18|21|22|23|36|37|38|39|168|169|170|167|166|165|48|49|50|51|52|53|54|55|56|57|58|59|60|61|62|63|70|71|81|82|83|84|85|86|92|93|94|95|96|97|98|99|109|110|111|112|113|114
82,-5 82,-9 82,-3 82,-6 82,-4 56,18 82,-7 82,-5 82,-7 82,-1 82,-2 71,4 82,-9 82,-7 82,-5 82,-8 82,-15 82,-16 67,8 82,-9 82,-12 82,-10 82,-2 82,-4 82,-4 82,-8 82,-7 82,-3 82,-2 82,-6 82,-7 57,18 82,-4 82,-4 82,-3 82,-7 82,-9 57,18 82,-1 65,10 82,-7 82,-4 82,-7 82,-4 82,-10 72,9 82,-10 82,-9 82,-3 82,-10 82,-4 81,-3 82,-6 72,2 82,-3 82,-1 82,-6 82,-7 82,-9 72,9 
82,-5 82,-9 82,-3 82,-6 56,22 82,-8 82,-7 82,-5 82,-7 82,-1 71,9 82,-7 82,-9 82,-7 82,-5 82,-8 82,-15 67,-1 82,-7 82,-9 82,-12 82,-10 82,-2 82,-4 82,-4 82,-8 82,-7 82,-3 82,-2 82,-6 57,18 82,-7 82,-4 82,-4 82,-3 82,-7 57,16 82,-7 65,16 82,-7 82,-7 82,-4 82,-7 82,-4 72,0 82,-1 82,-10 82,-9 82,-3 82,-10 81,-3 82,-4 72,4 82,-8 82,-3 82,-1 82,-6 82,-7 72,1 82,-1 
82,-5 82,-9 82,-3 71,5 82,-4 82,-8 82,-7 82,-5 82,-7 71,10 82,-2 82,-7 82,-9 82,-7 82,-5 66,8 63,4 82,-16 82,-7 82,-9 82,-12 82,-10 82,-2 82,-4 82,-4 82,-8 75,0 82,-3 82,-2 74,2 82,-7 82,-7 82,-4 82,-4 82,-3 62,13 82,-9 82,-7 82,-1 82,-7 82,-7 82,-4 82,-7 72,6 82,-10 82,-1 82,-10 82,-9 82,-3 81,-9 82,-4 82,-4 82,-6 82,-8 82,-3 82,-1 82,-6 72,3 82,-9 82,-1 
82,-5 82,-9 71,8 82,-6 82,-4 82,-8 82,-7 82,-5 71,4 82,-1 82,-2 82,-7 82,-9 82,-7 66,11 82,-8 82,-15 82,-16 82,-7 63,10 82,-12 82,-10 82,-2 82,-4 82,-4 75,-1 82,-7 82,-3 74,6 82,-6 82,-7 82,-7 82,-4 82,-4 62,17 82,-7 82,-9 82,-7 82,-1 82,-7 82,-7 82,-4 72,3 82,-4 82,-10 82,-1 82,-10 82,-9 81,-2 82,-10 82,-4 82,-4 82,-6 82,-8 82,-3 82,-1 72,4 82,-7 82,-9 82,-1 
82,-5 71,2 82,-3 82,-6 82,-4 82,-8 82,-7 71,6 82,-7 82,-1 82,-2 82,-7 82,-9 66,9 82,-5 82,-8 82,-15 82,-16 82,-7 82,-9 63,7 82,-10 82,-2 82,-4 75,3 82,-8 82,-7 74,5 82,-2 82,-6 82,-7 82,-7 82,-4 62,16 82,-3 82,-7 82,-9 82,-7 82,-1 82,-7 82,-7 72,6 82,-7 82,-4 82,-10 82,-1 82,-10 81,-8 82,-3 82,-10 82,-4 82,-4 82,-6 82,-8 82,-3 72,9 82,-6 82,-7 82,-9 82,-1 
64,13 82,-9 82,-3 82,-6 82,-4 82,-8 71,4 82,-5 82,-7 82,-1 82,-2 82,-7 72,1 82,-7 82,-5 82,-8 82,-15 82,-16 82,-7 82,-9 82,-12 63,9 68,12 63,15 82,-4 82,-8 82,-7 82,-3 82,-2 82,-6 82,-7 82,-7 62,16 82,-4 82,-3 82,-7 82,-9 82,-7 82,-1 82,-7 72,3 82,-4 82,-7 82,-4 82,-10 82,-1 81,-9 82,-9 82,-3 82,-10 82,-4 82,-4 82,-6 82,-8 72,7 82,-1 82,-6 82,-7 82,-9 82,-1 
