9
1
1
36
5|6|7|9|10|11|12|17|18|19|20|21|22|23|25|31|32|33|34|35|39|40|41|62|63|64|65|66|67|68|69|73|86|87|88|91
21,8 31,-5 31,-8 31,-4 31,-3 31,-3 31,-4 30,-15 31,-4 31,-11 31,-7 31,-4 31,-7 31,-8 31,-6 31,-3 31,-3 31,-8 31,-2 31,-7 31,-13 31,-3 31,-6 31,-9 31,-9 31,-13 31,-14 31,-6 31,-20 31,-6 21,-6 31,-13 31,-6 31,-16 21,2 31,-13 
31,-2 21,5 31,-8 31,-4 31,-3 31,-3 31,-4 31,-16 31,-4 31,-11 31,-7 31,-4 20,4 31,-8 31,-6 31,-3 31,-3 31,-8 21,8 31,-7 31,-13 31,-3 31,-6 31,-9 31,-9 31,-13 21,-4 31,-6 31,-20 31,-6 31,-16 31,-13 31,-6 31,-16 31,-8 31,-13 
31,-2 31,-5 21,2 31,-4 31,-3 31,-3 31,-4 31,-16 31,-4 30,-10 31,-7 31,-4 31,-7 31,-8 31,-6 31,-3 21,7 31,-8 31,-2 31,-7 31,-13 31,-3 31,-6 31,-9 31,-9 21,-3 31,-14 31,-6 31,-20 31,-6 31,-16 31,-13 31,-6 31,-16 31,-8 31,-13 
31,-2 31,-5 31,-8 21,6 31,-3 31,-3 31,-4 31,-16 31,-4 31,-11 31,-7 31,-4 31,-7 31,-8 31,-6 31,-3 31,-3 31,-8 31,-2 21,3 31,-13 31,-3 31,-6 21,1 31,-9 31,-13 31,-14 31,-6 31,-20 31,-6 31,-16 31,-13 31,-6 20,-5 31,-8 31,-13 
31,-2 31,-7 31,-10 31,-6 21,5 31,-5 31,-6 31,-18 31,-6 31,-13 31,-9 31,-6 31,-9 31,-10 30,-5 31,-5 31,-5 31,-10 31,-4 31,-7 31,-15 21,5 31,-8 31,-11 31,-11 31,-15 31,-14 31,-8 31,-22 21,2 31,-18 31,-15 31,-8 31,-18 31,-10 31,-15 
31,-7 31,-5 31,-13 31,-9 31,-8 21,2 31,-9 31,-21 31,-9 31,-16 31,-12 31,-9 31,-12 30,-12 31,-11 31,-8 31,-8 31,-13 31,-7 31,-12 21,-8 31,-8 31,-11 31,-9 31,-9 31,-13 31,-14 31,-6 31,-20 31,-6 31,-16 31,-18 31,-6 31,-21 31,-13 21,-8 
31,-10 31,-13 31,-8 31,-12 31,-11 31,-11 21,-2 31,-16 31,-12 31,-19 30,-14 31,-12 31,-15 31,-16 31,-14 31,-11 31,-11 31,-16 31,-10 31,-15 31,-21 31,-11 21,-4 31,-17 31,-17 31,-21 31,-22 31,-14 21,-10 31,-14 31,-24 31,-13 31,-14 31,-16 31,-16 31,-21 
31,-2 31,-5 31,-8 31,-4 31,-3 31,-3 31,-4 31,-16 30,-3 31,-11 31,-7 31,-4 31,-7 31,-8 31,-6 31,-3 31,-3 21,2 31,-2 31,-7 31,-13 31,-3 31,-6 31,-9 31,-9 31,-13 31,-14 21,4 31,-20 31,-6 31,-16 21,-3 31,-6 31,-16 31,-8 31,-13 
31,-6 31,-9 31,-12 31,-4 31,-7 31,-7 31,-8 31,-20 31,-8 31,-11 31,-11 30,-7 31,-11 31,-12 31,-10 21,3 31,-7 31,-12 31,-6 31,-11 31,-13 31,-7 31,-10 31,-13 21,-3 31,-17 31,-18 31,-10 31,-24 31,-10 31,-16 31,-17 21,0 31,-20 31,-12 31,-13 
