21
1
1
126
13|14|15|17|18|19|20|21|22|24|25|26|28|30|44|50|51|52|55|57|67|68|69|73|82|83|84|85|87|98|99|100|101|102|103|104|105|106|111|112|130|131|135|143|148|149|150|154|155|156|163|165|166|168|169|171|172|173|175|176|177|178|179|180|182|183|185|186|187|190|207|215|219|225|227|236|237|238|239|240|241|242|243|244|245|246|247|248|249|252|254|256|268|269|270|272|273|277|278|279|280|281|299|300|301|302|303|304|305|306|307|308|309|313|314|384|386|387|404|405|406|408|417|419|420|421
55,4 66,-4 66,-3 66,-7 66,-5 66,-9 66,-3 66,-6 66,-4 51,8 66,-1 66,-7 66,-5 66,-8 66,-10 66,-4 66,-10 66,-9 66,-6 56,3 66,-2 66,-1 66,-10 66,-3 66,-1 66,-2 66,-1 66,-3 66,-8 66,-6 66,-8 66,-7 66,-7 66,-9 66,-5 66,-1 66,-6 66,-1 66,-7 66,-3 66,-18 66,-10 66,-15 49,11 66,-12 66,-11 66,-15 66,-4 66,-15 66,-12 66,-5 66,-10 66,-4 66,-8 66,-20 66,-11 66,-14 66,-17 66,-14 66,-8 66,-11 66,-14 66,-11 66,-6 66,-9 66,-11 66,-14 66,-14 66,-23 66,-14 66,-12 66,-12 66,-20 66,-13 66,-6 66,-8 66,-3 66,-8 66,-3 66,-8 66,-16 66,-17 66,-9 40,4 66,-14 66,-12 66,-17 66,-11 66,-17 66,-16 66,-6 66,-3 66,-14 66,-26 66,-7 66,-7 66,-13 66,-10 66,-9 66,-1 66,-11 66,-13 66,-10 66,-12 66,-12 66,-17 66,-11 66,-10 66,-9 66,-18 35,17 66,-15 66,-18 66,-14 66,-6 66,-9 66,-3 66,-10 66,-10 66,-4 66,-9 66,-6 66,-9 66,-18 66,-6 66,-11 
66,-7 47,15 66,-3 66,-7 66,-5 66,-9 66,-3 66,-6 66,-4 66,-7 66,-1 66,-7 66,-5 66,-8 66,-10 66,-4 66,-10 66,-9 66,-6 66,-7 66,-2 66,-1 66,-10 66,-3 66,-1 37,27 66,-1 66,-3 66,-8 66,-6 66,-8 66,-7 66,-7 66,-9 66,-5 66,-1 66,-6 66,-1 66,-7 48,15 66,-18 66,-10 66,-15 66,-6 66,-12 66,-11 66,-15 66,-4 66,-15 66,-12 66,-5 66,-10 66,-4 66,-8 66,-20 66,-11 66,-14 66,-17 66,-14 66,-8 66,-11 66,-14 66,-11 66,-6 66,-9 66,-11 66,-14 66,-14 66,-23 66,-14 66,-12 66,-12 66,-20 66,-13 66,-6 66,-8 66,-3 66,-8 66,-3 66,-8 66,-16 66,-17 21,36 66,-22 66,-14 66,-12 66,-17 31,24 66,-17 66,-16 66,-6 66,-3 66,-14 66,-26 66,-7 66,-7 66,-13 66,-10 66,-9 66,-1 66,-11 66,-13 66,-10 66,-12 66,-12 66,-17 66,-11 66,-10 66,-9 66,-18 66,-14 66,-15 66,-18 66,-14 66,-6 66,-9 66,-3 66,-10 66,-10 66,-4 66,-9 66,-6 66,-9 66,-18 66,-6 56,-1 
66,-7 66,-4 55,8 66,-7 66,-5 66,-9 66,-3 66,-6 66,-4 66,-7 66,-1 66,-7 66,-5 66,-8 66,-10 66,-4 66,-10 66,-9 56,4 66,-7 66,-2 66,-1 66,-10 66,-3 66,-1 66,-2 66,-1 66,-3 51,7 66,-6 66,-8 66,-7 66,-7 66,-9 66,-5 66,-1 66,-6 66,-1 66,-7 66,-3 66,-18 66,-10 66,-15 66,-6 66,-12 66,-11 66,-15 66,-4 66,-15 66,-12 66,-5 66,-10 66,-4 66,-8 66,-20 66,-11 66,-14 66,-17 66,-14 66,-8 66,-11 66,-14 66,-11 66,-6 66,-9 66,-11 66,-14 66,-14 66,-23 66,-14 49,5 66,-12 66,-20 66,-13 66,-6 66,-8 66,-3 66,-8 66,-3 66,-8 66,-16 66,-17 66,-9 66,-22 66,-14 40,14 66,-17 66,-11 66,-17 66,-16 66,-6 66,-3 66,-14 66,-26 66,-7 66,-7 66,-13 66,-10 66,-9 66,-1 66,-11 66,-13 66,-10 66,-12 66,-12 66,-17 66,-11 66,-10 30,27 66,-18 66,-14 66,-15 66,-18 66,-14 66,-6 66,-9 66,-3 66,-10 66,-10 66,-4 66,-9 66,-6 66,-9 66,-18 66,-6 66,-11 
66,-7 66,-4 66,-3 47,12 66,-5 66,-9 66,-3 66,-6 66,-4 66,-7 66,-1 66,-7 66,-5 66,-8 66,-10 66,-4 66,-10 66,-9 66,-6 66,-7 66,-2 66,-1 66,-10 66,-3 37,28 66,-2 66,-1 66,-3 66,-8 66,-6 66,-8 66,-7 66,-7 66,-9 66,-5 66,-1 66,-6 66,-1 66,-7 66,-3 48,0 66,-10 66,-15 66,-6 66,-12 66,-11 66,-15 66,-4 66,-15 66,-12 66,-5 66,-10 66,-4 66,-8 66,-20 66,-11 66,-14 66,-17 66,-14 66,-8 66,-11 66,-14 66,-11 66,-6 66,-9 66,-11 66,-14 66,-14 66,-23 66,-14 66,-12 66,-12 66,-20 66,-13 66,-6 66,-8 66,-3 66,-8 66,-3 66,-8 21,29 66,-17 66,-9 66,-22 66,-14 66,-12 66,-17 66,-11 31,18 66,-16 66,-6 66,-3 66,-14 66,-26 66,-7 66,-7 66,-13 66,-10 66,-9 66,-1 66,-11 66,-13 66,-10 66,-12 66,-12 66,-17 66,-11 66,-10 66,-9 66,-18 66,-14 66,-15 66,-18 66,-14 66,-6 66,-9 66,-3 66,-10 66,-10 66,-4 66,-9 66,-6 58,-1 66,-18 66,-6 66,-11 
66,-7 66,-4 66,-3 66,-7 47,14 66,-9 66,-3 66,-6 66,-4 66,-7 66,-1 66,-7 66,-5 66,-8 66,-10 66,-4 66,-10 66,-9 66,-6 66,-7 66,-2 31,34 66,-10 66,-3 66,-1 66,-2 66,-1 66,-3 66,-8 66,-6 66,-8 66,-7 66,-7 66,-9 66,-5 66,-1 66,-6 66,-1 66,-7 66,-3 66,-18 66,-10 66,-15 66,-6 66,-12 66,-11 66,-15 66,-4 66,-15 37,17 66,-5 66,-10 66,-4 66,-8 66,-20 66,-11 66,-14 66,-17 66,-14 66,-8 66,-11 66,-14 66,-11 66,-6 66,-9 66,-11 66,-14 66,-14 66,-23 66,-14 66,-12 66,-12 66,-20 66,-13 66,-6 66,-8 66,-3 66,-8 66,-3 21,37 66,-16 66,-17 66,-9 66,-22 66,-14 66,-12 66,-17 66,-11 66,-17 66,-16 66,-6 66,-3 66,-14 66,-26 66,-7 66,-7 66,-13 66,-10 66,-9 66,-1 66,-11 66,-13 66,-10 66,-12 66,-12 66,-17 66,-11 66,-10 66,-9 66,-18 66,-14 66,-15 66,-18 66,-14 48,12 66,-9 66,-3 66,-10 66,-10 66,-4 66,-9 56,4 66,-9 66,-18 66,-6 66,-11 
66,-7 66,-4 66,-3 66,-7 66,-5 51,6 66,-3 66,-6 66,-4 66,-7 66,-1 66,-7 66,-5 66,-8 66,-10 66,-4 66,-10 66,-9 66,-6 66,-7 66,-2 66,-1 66,-10 66,-3 66,-1 66,-2 66,-1 66,-3 66,-8 66,-6 66,-8 66,-7 66,-7 66,-9 66,-5 66,-1 66,-6 66,-1 66,-7 66,-3 66,-18 66,-10 66,-15 66,-6 66,-12 66,-11 66,-15 66,-4 66,-15 66,-12 66,-5 66,-10 66,-4 66,-8 66,-20 66,-11 66,-14 66,-17 66,-14 66,-8 66,-11 66,-14 66,-11 66,-6 55,2 66,-11 66,-14 66,-14 66,-23 66,-14 66,-12 66,-12 66,-20 66,-13 66,-6 66,-8 66,-3 66,-8 66,-3 66,-8 66,-16 40,9 66,-9 66,-22 66,-14 66,-12 66,-17 66,-11 66,-17 66,-16 66,-6 49,14 66,-14 66,-26 66,-7 66,-7 66,-13 66,-10 66,-9 66,-1 66,-11 66,-13 35,21 66,-12 66,-12 66,-17 66,-11 66,-10 66,-9 66,-18 66,-14 66,-15 66,-18 66,-14 66,-6 66,-9 66,-3 66,-10 66,-10 66,-4 66,-9 66,-6 66,-9 66,-18 40,20 66,-11 
66,-7 66,-4 66,-3 66,-7 66,-5 66,-9 51,12 66,-6 66,-4 66,-7 66,-1 66,-7 66,-5 66,-8 66,-10 66,-4 66,-10 66,-9 66,-6 66,-7 66,-2 66,-1 66,-10 66,-3 66,-1 66,-2 66,-1 66,-3 66,-8 66,-6 66,-8 66,-7 66,-7 66,-9 66,-5 66,-1 66,-6 66,-1 66,-7 66,-3 66,-18 66,-10 66,-15 66,-6 56,-2 66,-11 66,-15 66,-4 66,-15 66,-12 66,-5 66,-10 66,-4 66,-8 66,-20 66,-11 66,-14 66,-17 66,-14 66,-8 66,-11 66,-14 66,-11 66,-6 66,-9 66,-11 66,-14 66,-14 66,-23 66,-14 66,-12 66,-12 66,-20 66,-13 66,-6 66,-8 66,-3 66,-8 66,-3 66,-8 66,-16 66,-17 66,-9 66,-22 66,-14 66,-12 40,9 66,-11 66,-17 66,-16 66,-6 66,-3 66,-14 66,-26 66,-7 39,20 66,-13 66,-10 66,-9 66,-1 66,-11 66,-13 66,-10 66,-12 66,-12 66,-17 45,10 66,-10 66,-9 66,-18 66,-14 66,-15 66,-18 66,-14 66,-6 49,8 66,-3 66,-10 66,-10 66,-4 66,-9 66,-6 66,-9 66,-18 66,-6 66,-11 
66,-7 66,-4 66,-3 66,-7 66,-5 66,-9 66,-3 31,29 66,-4 66,-7 66,-1 66,-7 66,-5 66,-8 66,-10 66,-4 66,-10 66,-9 66,-6 66,-7 66,-2 66,-1 66,-10 66,-3 66,-1 66,-2 66,-1 66,-3 66,-8 66,-6 66,-8 47,12 66,-7 66,-9 66,-5 66,-1 66,-6 66,-1 66,-7 66,-3 66,-18 48,8 66,-15 66,-6 66,-12 66,-11 66,-15 66,-4 66,-15 66,-12 66,-5 66,-10 66,-4 66,-8 19,27 66,-11 66,-14 66,-17 66,-14 66,-8 66,-11 66,-14 66,-11 58,2 66,-9 66,-11 66,-14 66,-14 66,-23 66,-14 66,-12 66,-12 49,-3 66,-13 66,-6 66,-8 66,-3 66,-8 66,-3 66,-8 66,-16 66,-17 66,-9 66,-22 66,-14 66,-12 66,-17 66,-11 66,-17 66,-16 66,-6 66,-3 66,-14 66,-26 66,-7 66,-7 66,-13 66,-10 66,-9 66,-1 66,-11 66,-13 66,-10 66,-12 66,-12 66,-17 66,-11 66,-10 66,-9 66,-18 66,-14 66,-15 66,-18 66,-14 66,-6 66,-9 66,-3 66,-10 66,-10 66,-4 66,-9 66,-6 66,-9 66,-18 66,-6 66,-11 
66,-7 66,-4 66,-3 66,-7 66,-5 66,-9 66,-3 66,-6 31,31 66,-7 66,-1 66,-7 66,-5 66,-8 66,-10 66,-4 66,-10 66,-9 66,-6 66,-7 66,-2 66,-1 66,-10 66,-3 66,-1 66,-2 66,-1 66,-3 66,-8 66,-6 45,13 66,-7 66,-7 66,-9 66,-5 66,-1 66,-6 66,-1 48,11 66,-3 66,-18 66,-10 49,2 66,-6 66,-12 66,-11 66,-15 66,-4 66,-15 66,-12 66,-5 66,-10 17,45 66,-8 66,-20 66,-11 66,-14 66,-17 66,-14 66,-8 66,-11 66,-14 66,-11 66,-6 66,-9 66,-11 66,-14 66,-14 66,-23 66,-14 66,-12 66,-12 66,-20 66,-13 66,-6 66,-8 66,-3 66,-8 66,-3 66,-8 66,-16 66,-17 66,-9 66,-22 66,-14 66,-12 66,-17 66,-11 66,-17 66,-16 66,-6 66,-3 66,-14 66,-26 66,-7 66,-7 66,-13 66,-10 66,-9 66,-1 58,-3 66,-13 66,-10 66,-12 66,-12 66,-17 66,-11 66,-10 66,-9 66,-18 66,-14 66,-15 66,-18 66,-14 66,-6 66,-9 66,-3 66,-10 66,-10 66,-4 66,-9 66,-6 66,-9 66,-18 66,-6 66,-11 
66,-7 66,-4 66,-3 66,-7 66,-5 66,-9 66,-3 66,-6 66,-4 66,-7 51,14 66,-7 66,-5 66,-8 66,-10 66,-4 66,-10 66,-9 66,-6 66,-7 66,-2 66,-1 66,-10 66,-3 66,-1 66,-2 66,-1 66,-3 66,-8 66,-6 66,-8 66,-7 66,-7 66,-9 66,-5 66,-1 66,-6 66,-1 66,-7 66,-3 66,-18 66,-10 66,-15 66,-6 66,-12 66,-11 66,-15 66,-4 66,-15 66,-12 66,-5 66,-10 66,-4 66,-8 66,-20 66,-11 66,-14 66,-17 66,-14 66,-8 66,-11 66,-14 66,-11 66,-6 66,-9 55,0 66,-14 66,-14 66,-23 66,-14 66,-12 66,-12 66,-20 66,-13 49,11 66,-8 66,-3 66,-8 66,-3 66,-8 66,-16 66,-17 66,-9 66,-22 40,12 66,-12 66,-17 66,-11 66,-17 66,-16 66,-6 66,-3 66,-14 66,-26 66,-7 66,-7 66,-13 66,-10 66,-9 66,-1 66,-11 66,-13 66,-10 66,-12 66,-12 66,-17 66,-11 36,20 66,-9 66,-18 66,-14 66,-15 66,-18 66,-14 66,-6 66,-9 66,-3 66,-10 66,-10 66,-4 40,17 66,-6 66,-9 66,-18 66,-6 66,-11 
66,-7 66,-4 66,-3 66,-7 66,-5 66,-9 66,-3 66,-6 66,-4 66,-7 66,-1 40,19 66,-5 66,-8 66,-10 66,-4 66,-10 66,-9 66,-6 66,-7 66,-2 66,-1 66,-10 49,14 66,-1 66,-2 66,-1 66,-3 66,-8 45,15 66,-8 66,-7 66,-7 66,-9 66,-5 66,-1 66,-6 66,-1 66,-7 66,-3 66,-18 66,-10 66,-15 66,-6 66,-12 66,-11 66,-15 66,-4 66,-15 66,-12 32,29 66,-10 66,-4 66,-8 66,-20 66,-11 66,-14 66,-17 66,-14 66,-8 66,-11 66,-14 58,-3 66,-6 66,-9 66,-11 66,-14 66,-14 66,-23 66,-14 66,-12 66,-12 66,-20 66,-13 66,-6 66,-8 66,-3 66,-8 66,-3 66,-8 66,-16 66,-17 66,-9 66,-22 66,-14 66,-12 66,-17 66,-11 66,-17 66,-16 66,-6 66,-3 66,-14 66,-26 66,-7 66,-7 66,-13 66,-10 66,-9 66,-1 66,-11 66,-13 66,-10 48,6 66,-12 66,-17 66,-11 66,-10 66,-9 66,-18 66,-14 66,-15 66,-18 66,-14 66,-6 66,-9 66,-3 66,-10 66,-10 66,-4 66,-9 66,-6 66,-9 66,-18 66,-6 66,-11 
66,-7 66,-4 66,-3 66,-7 66,-5 66,-9 66,-3 66,-6 66,-4 66,-7 66,-1 66,-7 31,30 66,-8 66,-10 66,-4 66,-10 66,-9 66,-6 66,-7 66,-2 66,-1 66,-10 66,-3 66,-1 66,-2 66,-1 66,-3 66,-8 66,-6 66,-8 66,-7 66,-7 66,-9 66,-5 66,-1 66,-6 47,18 66,-7 66,-3 66,-18 66,-10 66,-15 66,-6 66,-12 66,-11 48,3 66,-4 66,-15 66,-12 66,-5 66,-10 66,-4 66,-8 66,-20 66,-11 19,33 66,-17 66,-14 66,-8 66,-11 66,-14 66,-11 66,-6 66,-9 66,-11 66,-14 66,-14 66,-23 66,-14 66,-12 66,-12 66,-20 49,4 66,-6 66,-8 66,-3 66,-8 66,-3 66,-8 66,-16 66,-17 66,-9 66,-22 66,-14 66,-12 66,-17 66,-11 66,-17 66,-16 66,-6 66,-3 66,-14 66,-26 66,-7 66,-7 66,-13 66,-10 58,-1 66,-1 66,-11 66,-13 66,-10 66,-12 66,-12 66,-17 66,-11 66,-10 66,-9 66,-18 66,-14 66,-15 66,-18 66,-14 66,-6 66,-9 66,-3 66,-10 66,-10 66,-4 66,-9 66,-6 66,-9 66,-18 66,-6 66,-11 
66,-7 66,-11 66,-10 66,-14 66,-12 66,-16 66,-10 66,-13 66,-11 66,-14 66,-8 66,-14 66,-12 40,11 66,-17 66,-11 66,-17 66,-16 66,-13 66,-14 66,-9 66,-8 66,-17 66,-10 66,-8 66,-9 66,-8 66,-10 66,-15 66,-13 66,-15 66,-14 66,-14 66,-16 47,7 66,-8 66,-13 66,-8 66,-14 66,-10 66,-18 66,-10 66,-15 66,-13 66,-19 66,-18 66,-22 66,-11 66,-22 66,-19 66,-12 18,31 66,-11 66,-15 66,-27 66,-18 66,-21 66,-24 66,-21 66,-15 48,0 66,-21 66,-18 66,-13 66,-16 66,-18 66,-21 66,-21 66,-30 66,-21 66,-19 66,-19 66,-27 66,-20 66,-13 66,-15 66,-10 66,-15 66,-10 66,-15 66,-23 66,-24 66,-16 66,-29 66,-21 66,-19 66,-24 66,-18 66,-24 66,-23 49,4 66,-10 66,-21 66,-33 66,-14 66,-14 66,-20 66,-17 66,-16 66,-8 66,-18 58,-12 66,-17 66,-19 66,-19 66,-24 66,-18 66,-17 66,-16 66,-25 66,-21 66,-22 66,-25 66,-14 66,-13 66,-16 66,-10 66,-17 66,-17 66,-11 66,-16 66,-13 66,-16 66,-25 66,-13 66,-18 
66,-11 66,-4 66,-7 66,-11 66,-9 66,-13 66,-7 66,-10 66,-8 66,-11 66,-5 66,-11 66,-9 66,-12 31,21 66,-8 66,-14 66,-13 66,-10 66,-11 66,-6 66,-5 66,-14 66,-7 66,-5 66,-6 37,24 66,-7 66,-12 66,-10 66,-12 66,-11 66,-11 66,-13 66,-9 66,-5 66,-10 66,-5 66,-11 66,-7 66,-22 66,-14 66,-19 66,-6 66,-12 66,-11 66,-19 66,-8 66,-19 66,-16 66,-9 66,-14 66,-8 66,-12 66,-24 66,-15 66,-18 66,-21 66,-18 66,-12 66,-15 56,-8 66,-15 66,-10 66,-13 66,-15 66,-18 66,-18 66,-27 66,-18 66,-16 66,-16 66,-24 66,-17 66,-10 21,33 66,-7 66,-12 66,-7 66,-12 66,-20 66,-21 66,-13 66,-26 66,-18 66,-16 66,-21 66,-15 66,-21 66,-20 66,-10 66,-7 66,-18 66,-30 66,-11 66,-11 47,2 66,-14 66,-13 66,-5 66,-15 66,-17 66,-14 66,-16 66,-16 66,-21 66,-15 66,-14 66,-13 66,-22 66,-18 66,-19 58,-14 66,-18 66,-6 66,-13 66,-7 66,-14 66,-14 66,-8 66,-13 66,-10 66,-13 66,-22 66,-10 66,-15 
66,-10 66,-7 66,-3 66,-10 66,-8 66,-12 66,-6 66,-9 66,-7 66,-10 66,-4 66,-10 66,-8 66,-11 66,-13 31,28 66,-13 66,-12 66,-9 66,-10 66,-5 66,-4 66,-13 66,-6 66,-4 66,-5 66,-4 66,-6 66,-11 66,-9 66,-11 66,-10 66,-10 66,-12 66,-8 45,17 66,-9 66,-4 66,-10 66,-6 66,-21 66,-13 66,-18 66,-9 66,-15 66,-14 66,-15 66,-4 66,-15 66,-12 66,-8 66,-13 66,-7 23,32 66,-23 66,-14 66,-17 66,-20 66,-17 66,-11 66,-14 66,-17 66,-14 66,-9 66,-12 66,-14 66,-17 66,-17 40,0 66,-17 66,-15 66,-12 66,-23 66,-16 66,-9 66,-11 66,-6 66,-11 66,-6 66,-11 66,-19 66,-20 66,-12 66,-25 66,-17 66,-15 66,-20 66,-14 66,-20 66,-19 66,-9 66,-6 66,-17 66,-29 66,-10 66,-10 66,-16 58,-5 66,-12 66,-4 66,-14 66,-16 66,-13 66,-15 66,-15 66,-20 66,-14 66,-13 66,-12 66,-21 66,-17 66,-18 66,-21 48,1 66,-9 66,-12 66,-6 66,-13 66,-13 66,-7 66,-12 66,-9 66,-12 66,-21 66,-9 66,-14 
66,-7 66,-4 66,-3 66,-7 66,-5 66,-9 66,-3 66,-6 66,-4 66,-7 66,-1 66,-7 66,-5 66,-8 66,-10 66,-4 49,7 66,-9 66,-6 66,-7 66,-2 66,-1 66,-10 66,-3 66,-1 66,-2 66,-1 66,-3 66,-8 66,-6 66,-8 66,-7 66,-7 66,-9 66,-5 66,-1 66,-6 66,-1 66,-7 66,-3 66,-18 66,-10 66,-15 66,-6 66,-12 66,-11 66,-15 66,-4 51,0 66,-12 66,-5 66,-10 66,-4 66,-8 66,-20 66,-11 66,-14 66,-17 66,-14 66,-8 66,-11 66,-14 66,-11 66,-6 66,-9 66,-11 66,-14 66,-14 66,-23 66,-14 66,-12 66,-12 66,-20 66,-13 66,-6 66,-8 66,-3 66,-8 31,32 66,-8 66,-16 66,-17 66,-9 66,-22 66,-14 66,-12 66,-17 66,-11 66,-17 66,-16 66,-6 66,-3 66,-14 55,-15 66,-7 66,-7 66,-13 66,-10 66,-9 66,-1 66,-11 66,-13 66,-10 66,-12 48,6 66,-17 66,-11 66,-10 66,-9 66,-18 66,-14 66,-15 66,-18 66,-14 66,-6 66,-9 66,-3 66,-10 66,-10 56,6 66,-9 66,-6 66,-9 66,-18 66,-6 66,-11 
66,-14 66,-11 66,-10 66,-7 66,-12 66,-16 66,-10 66,-13 66,-11 66,-14 66,-8 66,-14 66,-12 66,-15 66,-17 66,-11 66,-17 31,19 66,-13 66,-14 66,-9 66,-8 66,-17 66,-10 66,-8 66,-9 66,-8 37,19 66,-15 66,-13 66,-15 66,-14 66,-14 66,-16 66,-12 66,-8 66,-13 66,-8 66,-14 66,-10 66,-25 66,-17 66,-22 66,-13 66,-19 48,0 66,-22 66,-11 66,-22 66,-19 66,-12 66,-17 66,-11 66,-15 66,-27 66,-11 66,-14 66,-17 66,-14 66,-8 66,-11 66,-14 66,-11 66,-13 66,-16 66,-18 66,-21 66,-21 66,-30 66,-21 66,-19 66,-19 66,-27 66,-20 66,-13 66,-15 21,35 66,-15 66,-10 66,-15 66,-23 66,-24 66,-16 66,-29 66,-21 66,-19 66,-24 66,-18 66,-24 66,-23 66,-13 66,-10 66,-21 66,-33 47,5 66,-14 66,-20 66,-17 66,-16 66,-8 66,-18 66,-20 66,-17 66,-19 66,-19 66,-24 66,-18 66,-17 66,-16 66,-25 66,-21 66,-22 66,-25 66,-21 66,-13 66,-16 66,-10 66,-17 66,-17 66,-11 66,-16 66,-13 66,-9 58,-17 66,-13 66,-18 
66,-12 66,-9 66,-8 66,-12 66,-5 66,-14 66,-8 66,-11 66,-9 66,-12 66,-6 66,-12 66,-10 66,-13 66,-15 66,-9 66,-15 66,-14 66,-11 66,-12 31,28 66,-6 66,-15 66,-8 66,-6 66,-7 66,-6 66,-8 66,-13 66,-11 66,-13 66,-12 45,9 66,-14 66,-10 66,-6 66,-11 66,-6 66,-12 66,-8 66,-23 66,-15 66,-20 66,-11 66,-17 66,-16 66,-20 66,-9 66,-20 66,-17 66,-10 66,-15 66,-9 66,-13 66,-25 66,-16 66,-19 66,-22 23,24 66,-13 66,-16 66,-19 66,-16 66,-6 66,-9 66,-11 40,12 66,-14 66,-23 66,-19 66,-17 66,-17 66,-25 66,-18 66,-11 66,-13 66,-8 66,-13 66,-8 66,-13 66,-21 66,-22 66,-14 66,-27 66,-19 66,-17 66,-22 66,-16 66,-22 66,-21 66,-11 66,-8 66,-19 66,-31 66,-12 66,-12 66,-18 66,-15 66,-14 66,-6 66,-16 66,-18 66,-15 66,-17 66,-17 66,-22 66,-16 66,-15 66,-14 66,-23 66,-19 48,-2 66,-23 66,-19 66,-11 66,-14 66,-8 58,-7 66,-15 66,-9 66,-14 66,-11 66,-14 66,-23 66,-11 66,-16 
66,-16 66,-13 66,-12 66,-16 66,-14 66,-9 66,-12 66,-15 66,-13 66,-16 66,-10 66,-16 66,-14 66,-17 66,-19 66,-13 66,-19 66,-18 66,-15 66,-16 66,-11 66,-10 49,-2 66,-12 66,-10 66,-11 66,-10 66,-12 66,-17 66,-15 66,-17 66,-16 66,-16 45,3 66,-14 66,-10 66,-15 66,-10 66,-16 66,-12 66,-27 66,-19 66,-24 66,-15 66,-21 66,-20 66,-24 66,-13 66,-24 66,-21 66,-14 66,-19 66,-13 66,-17 66,-29 66,-20 66,-23 39,1 66,-23 66,-17 66,-20 66,-23 66,-20 66,-15 66,-18 66,-20 66,-23 40,3 66,-32 66,-14 66,-21 66,-21 66,-20 66,-22 66,-15 66,-17 66,-12 66,-17 66,-12 66,-17 66,-25 66,-26 66,-18 66,-31 66,-23 66,-21 66,-26 66,-20 66,-26 66,-25 66,-15 66,-12 66,-23 66,-35 66,-16 66,-16 66,-22 66,-19 66,-18 66,-10 66,-20 66,-22 66,-19 66,-21 66,-21 48,-8 66,-20 66,-19 66,-18 66,-27 66,-23 66,-24 66,-27 66,-23 66,-15 66,-18 58,-4 66,-19 66,-19 66,-13 66,-18 66,-15 66,-18 66,-18 66,-15 66,-20 
66,-10 66,-7 66,-6 66,-10 66,-8 66,-12 66,-3 66,-9 66,-7 66,-10 66,-4 66,-10 66,-8 66,-11 66,-13 66,-7 66,-13 66,-12 66,-9 66,-10 66,-5 66,-4 66,-13 66,-6 66,-4 66,-5 66,-4 66,-6 66,-11 66,-9 66,-11 66,-10 66,-10 66,-12 66,-8 66,-4 47,10 66,-4 66,-10 66,-6 66,-21 66,-13 66,-18 66,-9 66,-15 66,-14 66,-18 66,-7 66,-18 66,-15 66,-8 66,-13 66,-7 66,-11 66,-23 25,27 66,-17 66,-20 66,-17 48,7 66,-14 66,-17 66,-14 66,-9 66,-12 66,-14 66,-17 66,-17 66,-26 40,9 66,-12 66,-15 66,-23 66,-16 66,-9 66,-11 66,-6 66,-11 66,-6 66,-11 66,-19 66,-20 66,-12 66,-25 66,-17 66,-15 66,-20 66,-14 66,-20 31,16 66,-9 66,-6 66,-17 66,-29 66,-10 66,-10 66,-16 66,-13 66,-12 58,4 66,-14 66,-16 66,-13 66,-15 66,-15 66,-20 66,-14 66,-13 66,-12 66,-21 66,-17 66,-18 66,-21 66,-17 66,-9 66,-12 66,-6 66,-13 66,-13 66,-7 66,-12 66,-9 66,-12 66,-21 66,-6 66,-14 
66,-13 66,-10 66,-9 66,-13 66,-11 66,-15 66,-9 66,-6 66,-10 66,-13 66,-7 66,-13 66,-11 66,-14 66,-16 66,-10 66,-16 66,-15 66,-12 66,-13 66,-8 66,-7 66,-16 66,-9 66,-7 66,-8 66,-7 66,-9 66,-14 66,-12 66,-14 66,-13 66,-13 66,-15 66,-11 66,-7 66,-12 66,-7 66,-13 66,-9 66,-24 66,-16 66,-21 66,-12 66,-18 66,-17 66,-21 51,5 66,-21 66,-18 66,-11 66,-16 66,-10 66,-14 66,-26 66,-17 66,-20 66,-23 66,-20 66,-14 66,-17 66,-20 66,-17 66,-12 66,-15 66,-17 66,-20 66,-20 66,-29 66,-20 66,-18 49,5 66,-20 66,-19 66,-12 66,-14 66,-9 40,12 66,-9 66,-14 66,-22 66,-23 66,-15 66,-28 66,-20 66,-18 66,-23 66,-17 66,-23 66,-22 66,-12 66,-9 55,-9 66,-32 66,-13 66,-13 66,-19 66,-16 66,-15 66,-7 66,-17 66,-19 66,-16 66,-18 66,-18 66,-23 66,-17 66,-16 66,-15 30,12 66,-20 66,-21 66,-24 66,-20 66,-12 66,-15 66,-9 66,-16 56,-6 66,-10 66,-15 66,-12 66,-15 66,-24 66,-12 66,-11 
