6
1
1
60
130|131|132|133|134|135|138|140|142|144|18|21|23|158|32|37|38|167|39|169|170|43|40|45|166|41|44|49|50|52|57|59|61|165|64|65|67|68|70|78|79|168|82|83|84|86|87|88|89|93|94|96|102|105|106|107|109|112|114|115
82,-5 66,7 82,-13 82,-6 82,-4 82,-8 82,-15 82,-12 82,-2 82,-10 71,4 82,-1 82,-7 82,-8 72,0 82,-7 82,-5 63,11 82,-8 82,-9 82,-2 82,-7 82,-6 62,11 82,-5 82,-8 82,-7 82,-4 82,-4 65,10 82,-7 82,-4 82,-7 82,-4 68,9 82,-1 82,-6 82,-1 82,-1 82,-8 82,-3 82,-9 72,6 82,-7 82,-4 82,-1 81,-7 82,-3 82,-3 82,-9 82,-3 82,-4 82,-1 82,-9 82,-10 82,-2 82,-3 72,3 82,-1 82,-5 
82,-5 82,-9 82,-13 82,-6 82,-4 56,18 82,-15 82,-12 82,-2 71,1 82,-7 76,5 82,-7 82,-8 82,-10 66,9 82,-5 82,-8 82,-8 67,6 82,-2 82,-7 82,-6 82,-9 82,-5 82,-8 82,-7 82,-4 82,-4 82,-7 67,8 55,23 82,-7 82,-4 82,-5 82,-1 82,-6 82,-1 82,-1 82,-8 82,-3 82,-9 82,-4 82,-7 82,-4 72,9 82,-8 81,-2 82,-3 82,-9 82,-3 82,-4 82,-1 82,-9 82,-10 72,8 82,-3 82,-7 82,-1 82,-5 
82,-5 82,-9 82,-13 82,-6 56,22 82,-8 82,-15 82,-12 82,-2 82,-10 82,-7 82,-1 71,4 82,-8 82,-10 82,-7 67,10 82,-8 82,-8 82,-9 67,13 62,13 82,-6 82,-9 82,-5 82,-8 82,-7 82,-4 82,-4 82,-7 82,-7 82,-4 71,4 82,-4 82,-5 82,-1 82,-6 75,6 82,-1 72,2 82,-3 82,-9 82,-4 82,-7 82,-4 82,-1 82,-8 82,-3 82,-3 81,-8 82,-3 82,-4 82,-1 82,-9 82,-10 82,-2 72,7 82,-7 82,-1 82,-5 
82,-5 82,-9 82,-13 59,17 82,-4 82,-8 82,-15 82,-12 71,9 82,-10 82,-7 82,-1 82,-7 82,-8 82,-10 82,-7 82,-5 82,-8 62,12 82,-9 82,-2 82,-7 43,33 82,-9 63,14 82,-8 82,-7 82,-4 82,-4 82,-7 82,-7 82,-4 82,-7 82,-4 82,-5 67,14 82,-6 82,-1 82,-1 82,-8 72,7 82,-9 82,-4 82,-7 82,-4 82,-1 82,-8 82,-3 82,-3 82,-9 82,-3 81,-3 82,-1 82,-9 82,-10 82,-2 82,-3 82,-7 72,9 75,2 
82,-5 82,-9 66,3 82,-6 82,-4 82,-8 82,-15 71,-1 82,-2 82,-10 82,-7 82,-1 82,-7 72,2 82,-10 82,-7 82,-5 82,-8 82,-8 82,-9 82,-2 82,-7 82,-6 82,-9 82,-5 62,12 82,-7 65,13 82,-4 82,-7 82,-7 82,-4 82,-7 63,15 82,-5 82,-1 82,-6 82,-1 68,13 82,-8 82,-3 82,-9 82,-4 82,-7 72,6 82,-1 82,-8 82,-3 81,-2 82,-9 82,-3 82,-4 82,-1 72,1 82,-10 82,-2 82,-3 82,-7 82,-1 82,-5 
66,11 82,-9 82,-13 82,-6 82,-4 82,-8 71,-4 82,-12 82,-2 82,-10 82,-7 82,-1 82,-7 82,-8 82,-10 82,-7 82,-5 82,-8 82,-8 82,-9 82,-2 82,-7 82,-6 82,-9 82,-5 82,-8 62,13 82,-4 65,13 82,-7 82,-7 82,-4 82,-7 82,-4 82,-5 82,-1 68,8 82,-1 82,-1 82,-8 82,-3 63,10 82,-4 72,3 82,-4 82,-1 82,-8 82,-3 82,-3 82,-9 81,-2 82,-4 72,9 82,-9 72,0 82,-2 82,-3 82,-7 82,-1 82,-5 
