21
1
1
126
13|14|15|17|18|19|20|21|22|24|25|26|28|30|44|50|51|52|55|57|67|68|69|73|82|83|84|85|87|98|99|100|101|102|103|104|105|106|111|112|130|131|135|143|148|149|150|154|155|156|163|165|166|168|169|171|172|173|175|176|177|178|179|180|182|183|185|186|187|190|207|215|219|225|227|236|237|238|239|240|241|242|243|244|245|246|247|248|249|252|254|256|268|269|270|272|273|277|278|279|280|281|299|300|301|302|303|304|305|306|307|308|309|313|314|384|386|387|404|405|406|408|417|419|420|421
46,6 57,-6 57,-10 57,-3 57,-10 57,-7 57,-2 57,-2 57,-7 40,11 57,-6 57,-6 57,-3 57,-9 57,-1 57,-10 57,-8 57,-8 57,-6 51,-3 57,-1 57,-5 57,-2 57,-4 57,-8 57,-3 57,-1 57,-1 57,-4 57,-7 57,-8 57,-2 57,-3 57,-7 57,-6 57,-9 57,-2 57,-1 57,-2 57,-1 57,-23 57,-13 57,-15 32,15 57,-15 57,-16 57,-27 57,-11 57,-23 57,-11 57,-1 57,-4 57,-6 57,-7 57,-8 57,-7 57,-6 57,-14 57,-13 57,-4 57,-10 57,-9 57,-8 57,-17 57,-25 57,-20 57,-12 57,-15 57,-16 57,-12 57,-7 57,-15 57,-13 57,-16 57,-15 57,-3 57,-3 57,-9 57,-9 57,-9 57,-16 57,-7 57,-10 33,13 57,-10 57,-14 57,-14 57,-14 57,-9 57,-23 57,-8 57,-8 57,-20 57,-11 57,-7 57,-1 57,-8 57,-5 57,-5 57,-8 57,-10 57,-8 57,-17 57,-17 57,-17 57,-12 57,-11 57,-18 57,-10 57,-18 37,7 57,-14 57,-15 57,-9 57,-9 57,-5 57,-1 57,-13 57,-9 57,-1 57,-4 57,-9 57,-4 57,-12 57,-6 57,-9 
57,-5 42,9 57,-10 57,-3 57,-10 57,-7 57,-2 57,-2 57,-7 57,-6 57,-6 57,-6 57,-3 57,-9 57,-1 57,-10 57,-8 57,-8 57,-6 57,-9 57,-1 57,-5 57,-2 57,-4 57,-8 29,25 57,-1 57,-1 57,-4 57,-7 57,-8 57,-2 57,-3 57,-7 57,-6 57,-9 57,-2 57,-1 57,-2 48,8 57,-23 57,-13 57,-15 57,-10 57,-15 57,-16 57,-27 57,-11 57,-23 57,-11 57,-1 57,-4 57,-6 57,-7 57,-8 57,-7 57,-6 57,-14 57,-13 57,-4 57,-10 57,-9 57,-8 57,-17 57,-25 57,-20 57,-12 57,-15 57,-16 57,-12 57,-7 57,-15 57,-13 57,-16 57,-15 57,-3 57,-3 57,-9 57,-9 57,-9 57,-16 57,-7 18,29 57,-11 57,-10 57,-14 57,-14 26,17 57,-9 57,-23 57,-8 57,-8 57,-20 57,-11 57,-7 57,-1 57,-8 57,-5 57,-5 57,-8 57,-10 57,-8 57,-17 57,-17 57,-17 57,-12 57,-11 57,-18 57,-10 57,-18 57,-13 57,-14 57,-15 57,-9 57,-9 57,-5 57,-1 57,-13 57,-9 57,-1 57,-4 57,-9 57,-4 57,-12 57,-6 51,-3 
57,-5 57,-6 46,1 57,-3 57,-10 57,-7 57,-2 57,-2 57,-7 57,-6 57,-6 57,-6 57,-3 57,-9 57,-1 57,-10 57,-8 57,-8 51,0 57,-9 57,-1 57,-5 57,-2 57,-4 57,-8 57,-3 57,-1 57,-1 40,13 57,-7 57,-8 57,-2 57,-3 57,-7 57,-6 57,-9 57,-2 57,-1 57,-2 57,-1 57,-23 57,-13 57,-15 57,-10 57,-15 57,-16 57,-27 57,-11 57,-23 57,-11 57,-1 57,-4 57,-6 57,-7 57,-8 57,-7 57,-6 57,-14 57,-13 57,-4 57,-10 57,-9 57,-8 57,-17 57,-25 57,-20 57,-12 57,-15 57,-16 57,-12 32,18 57,-15 57,-13 57,-16 57,-15 57,-3 57,-3 57,-9 57,-9 57,-9 57,-16 57,-7 57,-10 57,-11 57,-10 33,10 57,-14 57,-14 57,-9 57,-23 57,-8 57,-8 57,-20 57,-11 57,-7 57,-1 57,-8 57,-5 57,-5 57,-8 57,-10 57,-8 57,-17 57,-17 57,-17 57,-12 57,-11 57,-18 42,5 57,-18 57,-13 57,-14 57,-15 57,-9 57,-9 57,-5 57,-1 57,-13 57,-9 57,-1 57,-4 57,-9 57,-4 57,-12 57,-6 57,-9 
57,-5 57,-6 57,-10 42,12 57,-10 57,-7 57,-2 57,-2 57,-7 57,-6 57,-6 57,-6 57,-3 57,-9 57,-1 57,-10 57,-8 57,-8 57,-6 57,-9 57,-1 57,-5 57,-2 57,-4 29,20 57,-3 57,-1 57,-1 57,-4 57,-7 57,-8 57,-2 57,-3 57,-7 57,-6 57,-9 57,-2 57,-1 57,-2 57,-1 48,-14 57,-13 57,-15 57,-10 57,-15 57,-16 57,-27 57,-11 57,-23 57,-11 57,-1 57,-4 57,-6 57,-7 57,-8 57,-7 57,-6 57,-14 57,-13 57,-4 57,-10 57,-9 57,-8 57,-17 57,-25 57,-20 57,-12 57,-15 57,-16 57,-12 57,-7 57,-15 57,-13 57,-16 57,-15 57,-3 57,-3 57,-9 57,-9 57,-9 18,23 57,-7 57,-10 57,-11 57,-10 57,-14 57,-14 57,-14 26,22 57,-23 57,-8 57,-8 57,-20 57,-11 57,-7 57,-1 57,-8 57,-5 57,-5 57,-8 57,-10 57,-8 57,-17 57,-17 57,-17 57,-12 57,-11 57,-18 57,-10 57,-18 57,-13 57,-14 57,-15 57,-9 57,-9 57,-5 57,-1 57,-13 57,-9 57,-1 57,-4 57,-9 54,-1 57,-12 57,-6 57,-9 
57,-5 57,-6 57,-10 57,-3 42,5 57,-7 57,-2 57,-2 57,-7 57,-6 57,-6 57,-6 57,-3 57,-9 57,-1 57,-10 57,-8 57,-8 57,-6 57,-9 57,-1 26,26 57,-2 57,-4 57,-8 57,-3 57,-1 57,-1 57,-4 57,-7 57,-8 57,-2 57,-3 57,-7 57,-6 57,-9 57,-2 57,-1 57,-2 57,-1 57,-23 57,-13 57,-15 57,-10 57,-15 57,-16 57,-27 57,-11 57,-23 29,17 57,-1 57,-4 57,-6 57,-7 57,-8 57,-7 57,-6 57,-14 57,-13 57,-4 57,-10 57,-9 57,-8 57,-17 57,-25 57,-20 57,-12 57,-15 57,-16 57,-12 57,-7 57,-15 57,-13 57,-16 57,-15 57,-3 57,-3 57,-9 57,-9 18,30 57,-16 57,-7 57,-10 57,-11 57,-10 57,-14 57,-14 57,-14 57,-9 57,-23 57,-8 57,-8 57,-20 57,-11 57,-7 57,-1 57,-8 57,-5 57,-5 57,-8 57,-10 57,-8 57,-17 57,-17 57,-17 57,-12 57,-11 57,-18 57,-10 57,-18 57,-13 57,-14 57,-15 57,-9 48,0 57,-5 57,-1 57,-13 57,-9 57,-1 57,-4 51,-3 57,-4 57,-12 57,-6 57,-9 
57,-5 57,-6 57,-10 57,-3 57,-10 40,10 57,-2 57,-2 57,-7 57,-6 57,-6 57,-6 57,-3 57,-9 57,-1 57,-10 57,-8 57,-8 57,-6 57,-9 57,-1 57,-5 57,-2 57,-4 57,-8 57,-3 57,-1 57,-1 57,-4 57,-7 57,-8 57,-2 57,-3 57,-7 57,-6 57,-9 57,-2 57,-1 57,-2 57,-1 57,-23 57,-13 57,-15 57,-10 57,-15 57,-16 57,-27 57,-11 57,-23 57,-11 57,-1 57,-4 57,-6 57,-7 57,-8 57,-7 57,-6 57,-14 57,-13 57,-4 57,-10 57,-9 57,-8 57,-17 46,-14 57,-20 57,-12 57,-15 57,-16 57,-12 57,-7 57,-15 57,-13 57,-16 57,-15 57,-3 57,-3 57,-9 57,-9 57,-9 57,-16 33,17 57,-10 57,-11 57,-10 57,-14 57,-14 57,-14 57,-9 57,-23 57,-8 32,17 57,-20 57,-11 57,-7 57,-1 57,-8 57,-5 57,-5 57,-8 57,-10 57,-8 26,14 57,-17 57,-17 57,-12 57,-11 57,-18 57,-10 57,-18 57,-13 57,-14 57,-15 57,-9 57,-9 57,-5 57,-1 57,-13 57,-9 57,-1 57,-4 57,-9 57,-4 57,-12 44,7 57,-9 
57,-5 57,-6 57,-10 57,-3 57,-10 57,-7 40,15 57,-2 57,-7 57,-6 57,-6 57,-6 57,-3 57,-9 57,-1 57,-10 57,-8 57,-8 57,-6 57,-9 57,-1 57,-5 57,-2 57,-4 57,-8 57,-3 57,-1 57,-1 57,-4 57,-7 57,-8 57,-2 57,-3 57,-7 57,-6 57,-9 57,-2 57,-1 57,-2 57,-1 57,-23 57,-13 57,-15 57,-10 51,-9 57,-16 57,-27 57,-11 57,-23 57,-11 57,-1 57,-4 57,-6 57,-7 57,-8 57,-7 57,-6 57,-14 57,-13 57,-4 57,-10 57,-9 57,-8 57,-17 57,-25 57,-20 57,-12 57,-15 57,-16 57,-12 57,-7 57,-15 57,-13 57,-16 57,-15 57,-3 57,-3 57,-9 57,-9 57,-9 57,-16 57,-7 57,-10 57,-11 57,-10 57,-14 33,10 57,-14 57,-9 57,-23 57,-8 57,-8 57,-20 57,-11 57,-7 39,17 57,-8 57,-5 57,-5 57,-8 57,-10 57,-8 57,-17 57,-17 57,-17 57,-12 43,3 57,-18 57,-10 57,-18 57,-13 57,-14 57,-15 57,-9 57,-9 32,20 57,-1 57,-13 57,-9 57,-1 57,-4 57,-9 57,-4 57,-12 57,-6 57,-9 
57,-5 57,-6 57,-10 57,-3 57,-10 57,-7 57,-2 26,29 57,-7 57,-6 57,-6 57,-6 57,-3 57,-9 57,-1 57,-10 57,-8 57,-8 57,-6 57,-9 57,-1 57,-5 57,-2 57,-4 57,-8 57,-3 57,-1 57,-1 57,-4 57,-7 57,-8 43,12 57,-3 57,-7 57,-6 57,-9 57,-2 57,-1 57,-2 57,-1 57,-23 48,-4 57,-15 57,-10 57,-15 57,-16 57,-27 57,-11 57,-23 57,-11 57,-1 57,-4 57,-6 57,-7 28,21 57,-7 57,-6 57,-14 57,-13 57,-4 57,-10 57,-9 57,-8 44,-4 57,-25 57,-20 57,-12 57,-15 57,-16 57,-12 57,-7 57,-15 32,12 57,-16 57,-15 57,-3 57,-3 57,-9 57,-9 57,-9 57,-16 57,-7 57,-10 57,-11 57,-10 57,-14 57,-14 57,-14 57,-9 57,-23 57,-8 57,-8 57,-20 57,-11 57,-7 57,-1 57,-8 57,-5 57,-5 57,-8 57,-10 57,-8 57,-17 57,-17 57,-17 57,-12 57,-11 57,-18 57,-10 57,-18 57,-13 57,-14 57,-15 57,-9 57,-9 57,-5 57,-1 57,-13 57,-9 57,-1 57,-4 57,-9 57,-4 57,-12 57,-6 57,-9 
57,-5 57,-6 57,-10 57,-3 57,-10 57,-7 57,-2 57,-2 31,19 57,-6 57,-6 57,-6 57,-3 57,-9 57,-1 57,-10 57,-8 57,-8 57,-6 57,-9 57,-1 57,-5 57,-2 57,-4 57,-8 57,-3 57,-1 57,-1 57,-4 57,-7 40,9 57,-2 57,-3 57,-7 57,-6 57,-9 57,-2 57,-1 48,7 57,-1 57,-23 57,-13 37,5 57,-10 57,-15 57,-16 57,-27 57,-11 57,-23 57,-11 57,-1 57,-4 25,26 57,-7 57,-8 57,-7 57,-6 57,-14 57,-13 57,-4 57,-10 57,-9 57,-8 57,-17 57,-25 57,-20 57,-12 57,-15 57,-16 57,-12 57,-7 57,-15 57,-13 57,-16 57,-15 57,-3 57,-3 57,-9 57,-9 57,-9 57,-16 57,-7 57,-10 57,-11 57,-10 57,-14 57,-14 57,-14 57,-9 57,-23 57,-8 57,-8 57,-20 57,-11 57,-7 57,-1 57,-8 57,-5 57,-5 57,-8 44,3 57,-8 57,-17 57,-17 57,-17 57,-12 57,-11 57,-18 57,-10 57,-18 57,-13 57,-14 57,-15 57,-9 57,-9 57,-5 57,-1 57,-13 57,-9 57,-1 57,-4 57,-9 57,-4 57,-12 57,-6 57,-9 
57,-5 57,-6 57,-10 57,-3 57,-10 57,-7 57,-2 57,-2 57,-7 57,-6 40,11 57,-6 57,-3 57,-9 57,-1 57,-10 57,-8 57,-8 57,-6 57,-9 57,-1 57,-5 57,-2 57,-4 57,-8 57,-3 57,-1 57,-1 57,-4 57,-7 57,-8 57,-2 57,-3 57,-7 57,-6 57,-9 57,-2 57,-1 57,-2 57,-1 57,-23 57,-13 57,-15 57,-10 57,-15 57,-16 57,-27 57,-11 57,-23 57,-11 57,-1 57,-4 57,-6 57,-7 57,-8 57,-7 57,-6 57,-14 57,-13 57,-4 57,-10 57,-9 57,-8 57,-17 57,-25 46,-9 57,-12 57,-15 57,-16 57,-12 57,-7 57,-15 57,-13 57,-16 32,10 57,-3 57,-3 57,-9 57,-9 57,-9 57,-16 57,-7 57,-10 57,-11 33,14 57,-14 57,-14 57,-14 57,-9 57,-23 57,-8 57,-8 57,-20 57,-11 57,-7 57,-1 57,-8 57,-5 57,-5 57,-8 57,-10 57,-8 57,-17 57,-17 57,-17 57,-12 57,-11 26,13 57,-10 57,-18 57,-13 57,-14 57,-15 57,-9 57,-9 57,-5 57,-1 57,-13 57,-9 57,-1 44,9 57,-9 57,-4 57,-12 57,-6 57,-9 
57,-5 57,-6 57,-10 57,-3 57,-10 57,-7 57,-2 57,-2 57,-7 57,-6 57,-6 19,32 57,-3 57,-9 57,-1 57,-10 57,-8 57,-8 57,-6 57,-9 57,-1 57,-5 57,-2 32,21 57,-8 57,-3 57,-1 57,-1 57,-4 40,10 57,-8 57,-2 57,-3 57,-7 57,-6 57,-9 57,-2 57,-1 57,-2 57,-1 57,-23 57,-13 57,-15 57,-10 57,-15 57,-16 57,-27 57,-11 57,-23 57,-11 39,17 57,-4 57,-6 57,-7 57,-8 57,-7 57,-6 57,-14 57,-13 57,-4 57,-10 57,-9 44,5 57,-17 57,-25 57,-20 57,-12 57,-15 57,-16 57,-12 57,-7 57,-15 57,-13 57,-16 57,-15 57,-3 57,-3 57,-9 57,-9 57,-9 57,-16 57,-7 57,-10 57,-11 57,-10 57,-14 57,-14 57,-14 57,-9 57,-23 57,-8 57,-8 57,-20 57,-11 57,-7 57,-1 57,-8 57,-5 57,-5 57,-8 57,-10 57,-8 57,-17 48,-8 57,-17 57,-12 57,-11 57,-18 57,-10 57,-18 57,-13 57,-14 57,-15 57,-9 57,-9 57,-5 57,-1 57,-13 57,-9 57,-1 57,-4 57,-9 57,-4 57,-12 57,-6 57,-9 
57,-5 57,-6 57,-10 57,-3 57,-10 57,-7 57,-2 57,-2 57,-7 57,-6 57,-6 57,-6 31,23 57,-9 57,-1 57,-10 57,-8 57,-8 57,-6 57,-9 57,-1 57,-5 57,-2 57,-4 57,-8 57,-3 57,-1 57,-1 57,-4 57,-7 57,-8 57,-2 57,-3 57,-7 57,-6 57,-9 57,-2 43,13 57,-2 57,-1 57,-23 57,-13 57,-15 57,-10 57,-15 57,-16 48,-18 57,-11 57,-23 57,-11 57,-1 57,-4 57,-6 57,-7 57,-8 57,-7 28,23 57,-14 57,-13 57,-4 57,-10 57,-9 57,-8 57,-17 57,-25 57,-20 57,-12 57,-15 57,-16 57,-12 57,-7 57,-15 57,-13 37,4 57,-15 57,-3 57,-3 57,-9 57,-9 57,-9 57,-16 57,-7 57,-10 57,-11 57,-10 57,-14 57,-14 57,-14 57,-9 57,-23 57,-8 57,-8 57,-20 57,-11 57,-7 57,-1 57,-8 57,-5 44,8 57,-8 57,-10 57,-8 57,-17 57,-17 57,-17 57,-12 57,-11 57,-18 57,-10 57,-18 57,-13 57,-14 57,-15 57,-9 57,-9 57,-5 57,-1 57,-13 57,-9 57,-1 57,-4 57,-9 57,-4 57,-12 57,-6 57,-9 
57,-5 57,-11 57,-15 57,-8 57,-15 57,-12 57,-7 57,-7 57,-12 57,-11 57,-11 57,-11 57,-8 24,19 57,-6 57,-15 57,-13 57,-13 57,-11 57,-14 57,-6 57,-10 57,-7 57,-9 57,-13 57,-8 57,-6 57,-6 57,-9 57,-12 57,-13 57,-7 57,-8 57,-12 43,3 57,-14 57,-7 57,-6 57,-7 57,-6 57,-23 57,-13 57,-15 57,-15 57,-20 57,-21 57,-32 57,-16 57,-28 57,-16 57,-6 33,15 57,-11 57,-12 57,-13 57,-12 57,-11 57,-19 57,-18 57,-9 48,-6 57,-14 57,-13 57,-22 57,-30 57,-25 57,-17 57,-20 57,-21 57,-17 57,-12 57,-20 57,-18 57,-21 57,-20 57,-8 57,-8 57,-14 57,-14 57,-14 57,-21 57,-12 57,-15 57,-16 57,-15 57,-19 57,-19 57,-19 57,-14 57,-28 37,7 57,-13 57,-25 57,-16 57,-12 57,-6 57,-13 57,-10 57,-10 57,-13 57,-15 44,0 57,-22 57,-22 57,-22 57,-17 57,-16 57,-23 57,-15 57,-23 57,-18 57,-19 57,-20 57,-9 57,-14 57,-10 57,-6 57,-18 57,-14 57,-6 57,-9 57,-14 57,-9 57,-17 57,-11 57,-14 
57,-11 57,-6 57,-16 57,-9 57,-16 57,-13 57,-8 57,-8 57,-13 57,-12 57,-12 57,-12 57,-9 57,-15 26,24 57,-16 57,-14 57,-14 57,-12 57,-15 57,-7 57,-11 57,-8 57,-10 57,-14 57,-9 29,21 57,-7 57,-10 57,-13 57,-14 57,-8 57,-9 57,-13 57,-12 57,-15 57,-8 57,-7 57,-8 57,-7 57,-29 57,-19 57,-21 57,-10 57,-15 57,-16 57,-33 57,-17 57,-29 57,-17 57,-7 57,-10 57,-12 57,-13 57,-14 57,-13 57,-12 57,-20 57,-19 57,-10 57,-16 51,-9 57,-14 57,-23 57,-31 57,-26 57,-18 57,-21 57,-22 57,-18 57,-13 57,-21 57,-19 57,-22 57,-21 18,30 57,-9 57,-15 57,-15 57,-15 57,-22 57,-13 57,-16 57,-17 57,-16 57,-20 57,-20 57,-20 57,-15 57,-29 57,-14 57,-14 57,-26 57,-17 57,-13 57,-7 42,1 57,-11 57,-11 57,-14 57,-16 57,-14 57,-23 57,-23 57,-23 57,-18 57,-17 57,-24 57,-16 57,-24 57,-19 57,-20 54,-18 57,-15 57,-9 57,-11 57,-7 57,-19 57,-15 57,-7 57,-10 57,-15 57,-10 57,-18 57,-12 57,-15 
57,-15 57,-16 57,-10 57,-13 57,-20 57,-17 57,-12 57,-12 57,-17 57,-16 57,-16 57,-16 57,-13 57,-19 57,-11 31,6 57,-18 57,-18 57,-16 57,-19 57,-11 57,-15 57,-12 57,-14 57,-18 57,-13 57,-11 57,-11 57,-14 57,-17 57,-18 57,-12 57,-13 57,-17 57,-16 40,-2 57,-12 57,-11 57,-12 57,-11 57,-33 57,-23 57,-25 57,-20 57,-25 57,-26 57,-27 57,-11 57,-23 57,-11 57,-11 57,-14 57,-16 28,12 57,-18 57,-17 57,-16 57,-24 57,-23 57,-14 57,-20 57,-19 57,-18 57,-27 57,-35 57,-30 57,-22 57,-25 24,7 57,-22 57,-17 57,-15 57,-23 57,-26 57,-25 57,-13 57,-13 57,-19 57,-19 57,-19 57,-26 57,-17 57,-20 57,-21 57,-20 57,-24 57,-24 57,-24 57,-19 57,-33 57,-18 57,-18 57,-30 57,-21 57,-17 57,-11 57,-18 44,-2 57,-15 57,-18 57,-20 57,-18 57,-27 57,-27 57,-27 57,-22 57,-21 57,-28 57,-20 57,-28 57,-23 57,-24 57,-25 48,-10 57,-19 57,-15 57,-11 57,-23 57,-19 57,-11 57,-14 57,-19 57,-14 57,-22 57,-16 57,-19 
57,-5 57,-6 57,-10 57,-3 57,-10 57,-7 57,-2 57,-2 57,-7 57,-6 57,-6 57,-6 57,-3 57,-9 57,-1 57,-10 32,17 57,-8 57,-6 57,-9 57,-1 57,-5 57,-2 57,-4 57,-8 57,-3 57,-1 57,-1 57,-4 57,-7 57,-8 57,-2 57,-3 57,-7 57,-6 57,-9 57,-2 57,-1 57,-2 57,-1 57,-23 57,-13 57,-15 57,-10 57,-15 57,-16 57,-27 57,-11 40,-6 57,-11 57,-1 57,-4 57,-6 57,-7 57,-8 57,-7 57,-6 57,-14 57,-13 57,-4 57,-10 57,-9 57,-8 57,-17 57,-25 57,-20 57,-12 57,-15 57,-16 57,-12 57,-7 57,-15 57,-13 57,-16 57,-15 57,-3 57,-3 57,-9 20,28 57,-9 57,-16 57,-7 57,-10 57,-11 57,-10 57,-14 57,-14 57,-14 57,-9 57,-23 57,-8 57,-8 57,-20 46,0 57,-7 57,-1 57,-8 57,-5 57,-5 57,-8 57,-10 57,-8 57,-17 57,-17 48,-8 57,-12 57,-11 57,-18 57,-10 57,-18 57,-13 57,-14 57,-15 57,-9 57,-9 57,-5 57,-1 57,-13 57,-9 51,5 57,-4 57,-9 57,-4 57,-12 57,-6 57,-9 
57,-8 57,-9 57,-13 57,-3 57,-13 57,-10 57,-5 57,-5 57,-10 57,-9 57,-9 57,-9 57,-6 57,-12 57,-4 57,-13 57,-11 26,20 57,-9 57,-12 57,-4 57,-8 57,-5 57,-7 57,-11 57,-6 57,-4 29,24 57,-7 57,-10 57,-11 57,-5 57,-6 57,-10 57,-9 57,-12 57,-5 57,-4 57,-5 57,-4 57,-26 57,-16 57,-18 57,-13 57,-18 48,-10 57,-30 57,-14 57,-26 57,-14 57,-4 57,-7 57,-9 57,-10 57,-11 57,-7 57,-6 57,-14 57,-13 57,-4 57,-10 57,-9 57,-8 57,-20 57,-28 57,-23 57,-15 57,-18 57,-19 57,-15 57,-10 57,-18 57,-16 57,-19 57,-18 57,-6 18,33 57,-12 57,-12 57,-12 57,-19 57,-10 57,-13 57,-14 57,-13 57,-17 57,-17 57,-17 57,-12 57,-26 57,-11 57,-11 57,-23 57,-14 42,5 57,-4 57,-11 57,-8 57,-8 57,-11 57,-13 57,-11 57,-20 57,-20 57,-20 57,-15 57,-14 57,-21 57,-13 57,-21 57,-16 57,-17 57,-18 57,-12 57,-12 57,-8 57,-4 57,-16 57,-12 57,-4 57,-7 57,-12 57,-4 54,-12 57,-9 57,-12 
57,-15 57,-16 57,-20 57,-13 57,-10 57,-17 57,-12 57,-12 57,-17 57,-16 57,-16 57,-16 57,-13 57,-19 57,-11 57,-20 57,-18 57,-18 57,-16 57,-19 31,15 57,-15 57,-12 57,-14 57,-18 57,-13 57,-11 57,-11 57,-14 57,-17 57,-18 57,-12 40,4 57,-17 57,-16 57,-19 57,-12 57,-11 57,-12 57,-11 57,-33 57,-23 57,-25 57,-20 57,-25 57,-26 57,-37 57,-21 57,-33 57,-21 57,-11 57,-14 57,-16 57,-17 57,-18 57,-17 57,-16 57,-24 28,6 57,-14 57,-20 57,-19 57,-18 57,-17 57,-25 57,-20 24,21 57,-15 57,-16 57,-22 57,-17 57,-25 57,-23 57,-26 57,-25 57,-13 57,-13 57,-19 57,-19 57,-19 57,-26 57,-17 57,-20 57,-21 57,-20 57,-24 57,-24 57,-24 57,-19 57,-33 57,-18 57,-18 57,-30 57,-21 57,-17 57,-11 57,-18 57,-15 57,-15 57,-18 57,-20 57,-18 57,-27 57,-27 57,-27 57,-22 57,-21 57,-28 57,-20 57,-28 57,-23 48,-15 57,-25 57,-19 57,-19 57,-15 57,-11 44,-10 57,-19 57,-11 57,-14 57,-19 57,-14 57,-22 57,-16 57,-19 
57,-12 57,-13 57,-17 57,-10 57,-17 57,-7 57,-9 57,-9 57,-14 57,-13 57,-13 57,-13 57,-10 57,-16 57,-8 57,-17 57,-15 57,-15 57,-13 57,-16 57,-8 57,-12 37,11 57,-11 57,-15 57,-10 57,-8 57,-8 57,-11 57,-14 57,-15 57,-9 57,-10 40,3 57,-13 57,-16 57,-9 57,-8 57,-9 57,-8 57,-30 57,-20 57,-22 57,-17 57,-22 57,-23 57,-34 57,-18 57,-30 57,-18 57,-8 57,-11 57,-13 57,-14 57,-15 57,-14 57,-13 37,-1 57,-20 57,-11 57,-17 57,-16 57,-15 57,-24 57,-32 57,-27 57,-19 24,11 57,-23 57,-12 57,-14 57,-22 57,-13 57,-23 57,-22 57,-10 57,-10 57,-16 57,-16 57,-16 57,-23 57,-14 57,-17 57,-18 57,-17 57,-21 57,-21 57,-21 57,-16 57,-30 57,-15 57,-15 57,-27 57,-18 57,-14 57,-8 57,-15 57,-12 57,-12 57,-15 57,-17 57,-15 57,-24 57,-24 57,-24 48,-10 57,-18 57,-25 57,-17 57,-25 57,-20 57,-21 57,-22 57,-16 57,-16 57,-12 44,5 57,-20 57,-16 57,-8 57,-11 57,-16 57,-11 57,-12 57,-13 57,-16 
57,-7 57,-8 57,-12 57,-5 57,-12 57,-9 57,-2 57,-4 57,-9 57,-8 57,-8 57,-8 57,-5 57,-11 57,-3 57,-12 57,-10 57,-10 57,-8 57,-11 57,-3 57,-7 57,-4 57,-6 57,-10 57,-5 57,-3 57,-3 57,-6 57,-9 57,-10 57,-4 57,-5 57,-9 57,-8 57,-11 43,10 57,-3 57,-4 57,-3 57,-25 57,-15 57,-17 57,-12 57,-17 57,-18 57,-29 57,-13 57,-25 57,-13 57,-3 57,-6 57,-8 57,-9 57,-10 31,17 57,-8 57,-16 57,-15 48,3 57,-12 57,-11 57,-10 57,-19 57,-27 57,-22 57,-14 57,-17 57,-18 24,19 57,-7 57,-17 57,-15 57,-18 57,-17 57,-5 57,-5 57,-11 57,-11 57,-11 57,-18 57,-9 57,-12 57,-13 57,-12 57,-16 57,-16 57,-16 57,-11 31,1 57,-10 57,-10 57,-22 57,-13 57,-9 57,-3 57,-10 57,-7 57,-7 44,3 57,-12 57,-10 57,-19 57,-19 57,-19 57,-14 57,-13 57,-20 57,-12 57,-20 57,-15 57,-16 57,-17 57,-11 57,-11 57,-7 57,-3 57,-15 57,-11 57,-3 57,-6 57,-11 57,-6 57,-14 57,-6 57,-11 
57,-7 57,-8 57,-12 57,-5 57,-12 57,-9 57,-4 57,-2 57,-9 57,-8 57,-8 57,-8 57,-5 57,-11 57,-3 57,-12 57,-10 57,-10 57,-8 57,-11 57,-3 57,-7 57,-4 57,-6 57,-10 57,-5 57,-3 57,-3 57,-6 57,-9 57,-10 57,-4 57,-5 57,-9 57,-8 57,-11 57,-4 57,-3 57,-4 57,-3 57,-25 57,-15 57,-17 57,-12 57,-17 57,-18 57,-29 40,4 57,-25 57,-13 57,-3 57,-6 57,-8 57,-9 57,-10 57,-9 57,-8 57,-16 57,-15 57,-6 57,-12 57,-11 57,-10 57,-19 57,-27 57,-22 57,-14 57,-17 57,-18 57,-14 57,-9 32,10 57,-13 57,-18 57,-17 57,-5 57,-5 33,13 57,-11 57,-11 57,-18 57,-9 57,-12 57,-13 57,-12 57,-16 57,-16 57,-16 57,-11 57,-25 57,-10 57,-10 46,-11 57,-13 57,-9 57,-3 57,-10 57,-7 57,-7 57,-10 57,-12 57,-10 57,-19 57,-19 57,-19 57,-14 57,-13 57,-20 57,-12 42,-5 57,-15 57,-16 57,-17 57,-11 57,-11 57,-7 57,-3 57,-15 51,-5 57,-3 57,-6 57,-11 57,-6 57,-14 57,-8 57,-9 
