9
1
1
36
5|6|7|9|10|11|12|17|18|19|20|21|22|23|25|31|32|33|34|35|39|40|41|62|63|64|65|66|67|68|69|73|86|87|88|91
22,1 24,-1 24,-3 24,-4 24,-9 24,-4 24,-6 15,2 24,-4 24,-7 24,-7 24,-8 24,-10 24,-4 24,-10 24,-9 24,-8 24,-10 24,-4 24,-11 24,-11 24,-2 24,-2 24,-8 24,-8 24,-10 24,-8 24,-7 24,-10 24,-9 17,-8 24,-6 24,-2 24,-10 18,-3 24,-9 
24,-1 22,1 24,-3 24,-4 24,-9 24,-4 24,-6 24,-7 24,-4 24,-7 24,-7 24,-8 9,5 24,-4 24,-10 24,-9 24,-8 24,-10 18,2 24,-11 24,-11 24,-2 24,-2 24,-8 24,-8 24,-10 17,-1 24,-7 24,-10 24,-9 24,-15 24,-6 24,-2 24,-10 24,-9 24,-9 
24,-1 24,-1 22,-1 24,-4 24,-9 24,-4 24,-6 24,-7 24,-4 15,2 24,-7 24,-8 24,-10 24,-4 24,-10 24,-9 18,-2 24,-10 24,-4 24,-11 24,-11 24,-2 24,-2 24,-8 24,-8 17,-3 24,-8 24,-7 24,-10 24,-9 24,-15 24,-6 24,-2 24,-10 24,-9 24,-9 
24,-1 24,-1 24,-3 22,-2 24,-9 24,-4 24,-6 24,-7 24,-4 24,-7 24,-7 24,-8 24,-10 24,-4 24,-10 24,-9 24,-8 24,-10 24,-4 18,-5 24,-11 24,-2 24,-2 17,-1 24,-8 24,-10 24,-8 24,-7 24,-10 24,-9 24,-15 24,-6 24,-2 9,5 24,-9 24,-9 
24,-1 24,-2 24,-4 24,-5 22,-8 24,-5 24,-7 24,-8 24,-5 24,-8 24,-8 24,-9 24,-11 24,-5 15,-1 24,-10 24,-9 24,-11 24,-5 24,-11 24,-12 18,3 24,-3 24,-9 24,-9 24,-11 24,-8 24,-8 24,-11 17,-3 24,-16 24,-7 24,-3 24,-11 24,-10 24,-10 
24,-2 24,-1 24,-4 24,-5 24,-10 22,-3 24,-7 24,-8 24,-5 24,-8 24,-8 24,-9 24,-11 15,4 24,-11 24,-10 24,-9 24,-11 24,-5 24,-12 18,-6 24,-3 24,-3 24,-8 24,-8 24,-10 24,-8 24,-7 24,-10 24,-9 24,-15 24,-7 24,-2 24,-11 24,-10 17,-3 
24,-4 24,-4 24,-3 24,-7 24,-12 24,-7 22,-7 24,-7 24,-7 24,-10 15,-1 24,-11 24,-13 24,-7 24,-13 24,-12 24,-11 24,-13 24,-7 24,-14 24,-14 24,-5 18,1 24,-11 24,-11 24,-13 24,-11 24,-10 17,-3 24,-12 24,-18 24,-6 24,-5 24,-10 24,-12 24,-12 
24,-1 24,-1 24,-3 24,-4 24,-9 24,-4 24,-6 24,-7 15,5 24,-7 24,-7 24,-8 24,-10 24,-4 24,-10 24,-9 24,-8 18,-4 24,-4 24,-11 24,-11 24,-2 24,-2 24,-8 24,-8 24,-10 24,-8 17,0 24,-10 24,-9 24,-15 22,-4 24,-2 24,-10 24,-9 24,-9 
24,-5 24,-5 24,-7 24,-4 24,-13 24,-8 24,-10 24,-11 24,-8 24,-7 24,-11 15,-3 24,-14 24,-8 24,-14 18,-7 24,-12 24,-14 24,-8 24,-15 24,-11 24,-6 24,-6 24,-12 17,-5 24,-14 24,-12 24,-11 24,-14 24,-13 24,-15 24,-10 22,-4 24,-14 24,-13 24,-9 
