16
1
1
96
18|19|20|21|22|23|24|25|26|27|28|29|30|57|67|85|87|98|99|100|101|102|103|104|105|106|112|130|131|133|134|135|140|141|143|147|148|149|150|161|162|163|166|171|172|173|174|175|176|177|178|179|180|182|183|204|209|236|237|238|239|240|241|242|243|244|245|246|247|251|264|265|266|274|278|279|301|302|303|304|305|306|307|322|326|378|379|380|381|382|383|406|409|417|418|420
57,-10 57,-7 57,-2 57,-2 57,-7 57,-2 26,25 57,-6 57,-6 57,-1 57,-3 57,-10 57,-9 57,-9 57,-1 57,-1 57,-4 57,-7 43,6 57,-2 57,-3 57,-7 57,-6 57,-9 57,-2 57,-1 57,-1 48,-9 57,-8 57,-7 57,-10 57,-10 57,-10 57,-9 57,-4 57,-6 57,-9 57,-10 57,-7 57,-6 28,27 57,-1 57,-6 57,-4 57,-3 57,-7 57,-1 57,-10 57,-1 57,-7 57,-6 44,8 57,-17 57,-17 57,-17 57,-8 57,-6 57,-5 57,-5 57,-11 57,-11 57,-9 57,-16 57,-7 57,-10 57,-10 57,-10 57,-14 57,-14 57,-13 57,-14 57,-14 57,-15 57,-7 57,-6 57,-9 57,-17 57,-12 57,-11 57,-18 57,-10 57,-18 57,-13 57,-8 57,-15 57,-9 32,23 57,-6 57,-6 57,-4 57,-3 57,-4 57,-10 57,-1 57,-15 57,-6 
57,-10 57,-7 57,-2 57,-2 57,-7 57,-2 57,-6 57,-6 57,-6 57,-1 57,-3 57,-10 47,1 57,-9 57,-1 57,-1 57,-4 57,-7 57,-8 40,15 57,-3 57,-7 57,-6 57,-9 57,-2 57,-1 48,8 57,-18 57,-8 57,-7 57,-10 57,-10 57,-10 57,-9 57,-4 57,-6 57,-9 57,-10 57,-7 36,15 57,-2 57,-1 57,-6 57,-4 57,-3 57,-7 57,-1 57,-10 57,-1 57,-7 57,-6 57,-5 57,-17 57,-17 57,-17 32,17 57,-6 57,-5 57,-5 57,-11 57,-11 57,-9 44,-3 57,-7 57,-10 57,-10 57,-10 57,-14 57,-14 57,-13 57,-14 57,-14 57,-15 57,-7 57,-6 57,-9 57,-17 57,-12 57,-11 57,-18 57,-10 57,-18 57,-13 57,-8 57,-15 57,-9 57,-2 57,-6 57,-6 57,-4 57,-3 57,-4 57,-10 57,-1 57,-15 57,-6 
57,-10 57,-7 57,-2 57,-2 57,-7 57,-2 57,-6 47,4 57,-6 57,-1 57,-3 57,-10 57,-9 57,-9 57,-1 57,-1 57,-4 57,-7 57,-8 57,-2 57,-3 57,-7 57,-6 43,5 57,-2 57,-1 57,-1 57,-18 57,-8 57,-7 57,-10 57,-10 57,-10 57,-9 57,-4 57,-6 57,-9 57,-10 57,-7 57,-6 57,-2 39,17 57,-6 57,-4 57,-3 57,-7 57,-1 57,-10 57,-1 48,2 57,-6 57,-5 57,-17 57,-17 57,-17 57,-8 57,-6 57,-5 57,-5 57,-11 57,-11 57,-9 57,-16 57,-7 57,-10 57,-10 44,3 57,-14 57,-14 57,-13 57,-14 57,-14 57,-15 57,-7 57,-6 57,-9 57,-17 57,-12 57,-11 57,-18 57,-10 57,-18 57,-13 57,-8 57,-15 57,-9 57,-2 32,19 57,-6 57,-4 57,-3 57,-4 57,-10 57,-1 57,-15 57,-6 
57,-10 57,-7 57,-2 57,-2 57,-7 19,36 57,-6 57,-6 57,-6 57,-1 57,-3 57,-10 57,-9 57,-9 57,-1 57,-1 57,-4 57,-7 57,-8 57,-2 43,11 57,-7 57,-6 57,-9 57,-2 57,-1 57,-1 57,-18 57,-8 57,-7 57,-10 57,-10 57,-10 57,-9 57,-4 57,-6 48,0 57,-10 57,-7 57,-6 57,-2 57,-1 28,23 57,-4 57,-3 57,-7 57,-1 57,-10 57,-1 57,-7 57,-6 57,-5 44,-4 57,-17 57,-17 57,-8 57,-6 57,-5 57,-5 57,-11 57,-11 57,-9 57,-16 57,-7 57,-10 57,-10 57,-10 57,-14 57,-14 32,12 57,-14 57,-14 57,-15 57,-7 57,-6 57,-9 57,-17 57,-12 57,-11 57,-18 57,-10 57,-18 57,-13 57,-8 57,-15 57,-9 57,-2 57,-6 57,-6 57,-4 57,-3 57,-4 57,-10 57,-1 57,-15 57,-6 
57,-10 57,-7 57,-2 57,-2 57,-7 57,-2 57,-6 57,-6 57,-6 57,-1 57,-3 31,16 57,-9 57,-9 57,-1 57,-1 57,-4 57,-7 57,-8 57,-2 57,-3 57,-7 43,8 57,-9 57,-2 57,-1 57,-1 57,-18 57,-8 57,-7 57,-10 57,-10 57,-10 57,-9 57,-4 57,-6 57,-9 48,-1 57,-7 57,-6 57,-2 57,-1 57,-6 28,25 57,-3 57,-7 57,-1 57,-10 57,-1 57,-7 57,-6 57,-5 57,-17 57,-17 57,-17 57,-8 57,-6 57,-5 57,-5 57,-11 57,-11 57,-9 57,-16 57,-7 57,-10 57,-10 57,-10 57,-14 57,-14 57,-13 57,-14 57,-14 57,-15 57,-7 57,-6 44,4 57,-17 57,-12 57,-11 57,-18 57,-10 57,-18 57,-13 57,-8 57,-15 37,11 57,-2 57,-6 57,-6 57,-4 57,-3 57,-4 57,-10 57,-1 57,-15 57,-6 
57,-10 57,-7 47,8 57,-2 57,-7 57,-2 57,-6 57,-6 57,-6 57,-1 57,-3 57,-10 57,-9 57,-9 57,-1 57,-1 57,-4 43,7 57,-8 57,-2 57,-3 57,-7 57,-6 57,-9 57,-2 57,-1 57,-1 57,-18 48,1 57,-7 57,-10 57,-10 57,-10 57,-9 57,-4 57,-6 57,-9 57,-10 57,-7 57,-6 57,-2 57,-1 57,-6 57,-4 39,15 57,-7 57,-1 57,-10 57,-1 57,-7 57,-6 57,-5 57,-17 57,-17 57,-17 57,-8 32,19 57,-5 57,-5 44,2 57,-11 57,-9 57,-16 57,-7 57,-10 57,-10 57,-10 57,-14 57,-14 57,-13 57,-14 57,-14 57,-15 57,-7 57,-6 57,-9 57,-17 57,-12 57,-11 57,-18 57,-10 57,-18 57,-13 57,-8 57,-15 57,-9 57,-2 57,-6 57,-6 57,-4 57,-3 57,-4 57,-10 57,-1 57,-15 57,-6 
57,-10 57,-7 57,-2 57,-2 57,-7 57,-2 57,-6 57,-6 57,-6 57,-1 57,-3 57,-10 57,-9 57,-9 57,-1 57,-1 57,-4 57,-7 57,-8 57,-2 57,-3 43,7 57,-6 57,-9 57,-2 57,-1 57,-1 57,-18 57,-8 57,-7 57,-10 57,-10 57,-10 57,-9 57,-4 57,-6 57,-9 57,-10 57,-7 57,-6 57,-2 57,-1 57,-6 57,-4 57,-3 57,-7 37,19 57,-10 57,-1 57,-7 48,3 57,-5 57,-17 57,-17 57,-17 57,-8 57,-6 57,-5 57,-5 57,-11 57,-11 28,20 57,-16 57,-7 57,-10 57,-10 57,-10 57,-14 57,-14 57,-13 57,-14 57,-14 57,-15 57,-7 57,-6 57,-9 57,-17 57,-12 57,-11 57,-18 57,-10 57,-18 57,-13 47,2 57,-15 57,-9 57,-2 57,-6 57,-6 28,25 57,-3 57,-4 57,-10 57,-1 57,-15 57,-6 
57,-10 57,-7 57,-2 57,-2 57,-7 57,-2 57,-6 57,-6 57,-6 57,-1 31,23 57,-10 57,-9 57,-9 57,-1 57,-1 57,-4 57,-7 57,-8 57,-2 57,-3 57,-7 57,-6 57,-9 57,-2 43,13 57,-1 57,-18 57,-8 57,-7 57,-10 57,-10 57,-10 57,-9 57,-4 57,-6 57,-9 57,-10 57,-7 57,-6 57,-2 57,-1 57,-6 57,-4 57,-3 57,-7 57,-1 28,19 48,8 57,-7 57,-6 57,-5 57,-17 57,-17 57,-17 57,-8 57,-6 57,-5 57,-5 57,-11 57,-11 57,-9 57,-16 57,-7 57,-10 57,-10 57,-10 57,-14 57,-14 57,-13 57,-14 57,-14 57,-15 57,-7 44,7 57,-9 57,-17 57,-12 57,-11 57,-18 57,-10 57,-18 57,-13 57,-8 57,-15 57,-9 57,-2 57,-6 37,14 57,-4 57,-3 57,-4 57,-10 57,-1 57,-15 57,-6 
57,-10 57,-7 57,-2 57,-2 57,-7 57,-2 57,-6 57,-6 57,-6 57,-1 57,-3 57,-10 57,-9 57,-9 57,-1 57,-1 57,-4 57,-7 57,-8 57,-2 57,-3 57,-7 57,-6 57,-9 43,12 57,-1 57,-1 57,-18 57,-8 57,-7 57,-10 57,-10 57,-10 57,-9 57,-4 48,3 57,-9 57,-10 57,-7 57,-6 57,-2 57,-1 57,-6 57,-4 57,-3 37,13 57,-1 57,-10 57,-1 57,-7 57,-6 57,-5 57,-17 57,-17 57,-17 57,-8 57,-6 57,-5 57,-5 57,-11 57,-11 57,-9 57,-16 28,22 57,-10 57,-10 57,-10 57,-14 57,-14 57,-13 57,-14 57,-14 57,-15 57,-7 57,-6 57,-9 57,-17 57,-12 57,-11 57,-18 57,-10 57,-18 57,-13 57,-8 47,-5 57,-9 57,-2 57,-6 57,-6 57,-4 28,26 57,-4 57,-10 57,-1 57,-15 57,-6 
39,8 57,-7 57,-2 57,-2 57,-7 57,-2 57,-6 57,-6 57,-6 57,-1 57,-3 57,-10 57,-9 57,-9 32,24 57,-1 40,13 57,-7 57,-8 57,-2 57,-3 57,-7 57,-6 57,-9 57,-2 57,-1 57,-1 57,-18 57,-8 57,-7 57,-10 57,-10 57,-10 57,-9 57,-4 57,-6 57,-9 57,-10 51,-1 57,-6 57,-2 57,-1 57,-6 57,-4 57,-3 57,-7 57,-1 57,-10 57,-1 57,-7 57,-6 57,-5 57,-17 57,-17 57,-17 57,-8 57,-6 57,-5 57,-5 57,-11 57,-11 57,-9 57,-16 57,-7 57,-10 57,-10 57,-10 15,28 57,-14 57,-13 57,-14 57,-14 57,-15 57,-7 57,-6 57,-9 57,-17 57,-12 57,-11 57,-18 54,-7 57,-18 57,-13 57,-8 57,-15 57,-9 57,-2 57,-6 57,-6 57,-4 57,-3 57,-4 57,-10 57,-1 57,-15 57,-6 
57,-10 57,-7 57,-2 57,-2 57,-7 57,-2 57,-6 57,-6 40,11 57,-1 57,-3 57,-10 57,-9 57,-9 57,-1 57,-1 57,-4 57,-7 57,-8 57,-2 57,-3 57,-7 57,-6 57,-9 57,-2 57,-1 57,-1 57,-18 57,-8 57,-7 57,-10 57,-10 32,15 57,-9 57,-4 57,-6 57,-9 57,-10 57,-7 57,-6 57,-2 57,-1 57,-6 57,-4 57,-3 57,-7 57,-1 57,-10 57,-1 57,-7 57,-6 57,-5 57,-17 57,-17 57,-17 57,-8 57,-6 57,-5 57,-5 57,-11 57,-11 57,-9 57,-16 57,-7 57,-10 57,-10 57,-10 57,-14 33,10 57,-13 57,-14 57,-14 46,-4 57,-7 57,-6 57,-9 57,-17 57,-12 57,-11 57,-18 57,-10 57,-18 33,11 57,-8 57,-15 57,-9 57,-2 57,-6 57,-6 57,-4 57,-3 57,-4 57,-10 57,-1 57,-15 44,7 
57,-10 57,-7 57,-2 57,-2 57,-7 57,-2 57,-6 57,-6 57,-6 40,16 57,-3 57,-10 57,-9 57,-9 57,-1 57,-1 57,-4 57,-7 57,-8 57,-2 57,-3 57,-7 57,-6 57,-9 57,-2 57,-1 57,-1 57,-18 57,-8 57,-7 57,-10 57,-10 57,-10 32,16 57,-4 57,-6 57,-9 57,-10 57,-7 57,-6 57,-2 57,-1 57,-6 57,-4 57,-3 57,-7 57,-1 57,-10 57,-1 57,-7 57,-6 57,-5 57,-17 57,-17 57,-17 57,-8 57,-6 57,-5 33,19 57,-11 57,-11 57,-9 57,-16 57,-7 57,-10 57,-10 57,-10 57,-14 57,-14 57,-13 57,-14 46,-3 57,-15 57,-7 57,-6 57,-9 57,-17 57,-12 57,-11 57,-18 57,-10 33,6 57,-13 57,-8 57,-15 57,-9 57,-2 57,-6 57,-6 57,-4 57,-3 44,9 57,-10 57,-1 57,-15 57,-6 
57,-10 40,10 57,-2 57,-2 57,-7 57,-2 57,-6 57,-6 57,-6 57,-1 57,-3 57,-10 57,-9 44,4 57,-1 57,-1 57,-4 57,-7 57,-8 57,-2 57,-3 57,-7 57,-6 57,-9 57,-2 57,-1 57,-1 57,-18 57,-8 57,-7 57,-10 57,-10 57,-10 57,-9 32,21 57,-6 57,-9 57,-10 57,-7 57,-6 57,-2 57,-1 57,-6 57,-4 57,-3 57,-7 57,-1 57,-10 57,-1 57,-7 57,-6 57,-5 57,-17 57,-17 57,-17 57,-8 57,-6 57,-5 57,-5 57,-11 57,-11 57,-9 57,-16 57,-7 57,-10 33,14 57,-10 57,-14 57,-14 57,-13 46,-3 57,-14 57,-15 57,-7 57,-6 57,-9 57,-17 57,-12 57,-11 33,6 57,-10 57,-18 57,-13 57,-8 57,-15 57,-9 57,-2 57,-6 57,-6 57,-4 57,-3 57,-4 57,-10 57,-1 57,-15 57,-6 
57,-10 57,-7 57,-2 57,-2 40,10 57,-2 57,-6 57,-6 57,-6 57,-1 57,-3 57,-10 57,-9 57,-9 57,-1 57,-1 57,-4 57,-7 57,-8 57,-2 57,-3 57,-7 57,-6 57,-9 57,-2 57,-1 57,-1 57,-18 57,-8 32,18 57,-10 57,-10 57,-10 57,-9 57,-4 57,-6 57,-9 57,-10 57,-7 57,-6 57,-2 57,-1 57,-6 57,-4 57,-3 57,-7 57,-1 57,-10 57,-1 57,-7 57,-6 57,-5 57,-17 57,-17 46,-6 57,-8 57,-6 57,-5 57,-5 57,-11 57,-11 57,-9 57,-16 57,-7 33,14 57,-10 57,-10 57,-14 57,-14 57,-13 57,-14 57,-14 57,-15 57,-7 57,-6 57,-9 57,-17 57,-12 26,20 57,-18 57,-10 57,-18 57,-13 57,-8 57,-15 57,-9 57,-2 57,-6 57,-6 57,-4 57,-3 57,-4 57,-10 57,-1 44,-2 57,-6 
57,-10 57,-7 57,-2 40,15 57,-7 57,-2 57,-6 57,-6 57,-6 57,-1 57,-3 57,-10 57,-9 57,-9 57,-1 57,-1 57,-4 57,-7 57,-8 57,-2 57,-3 57,-7 57,-6 57,-9 57,-2 57,-1 57,-1 57,-18 57,-8 57,-7 32,15 57,-10 57,-10 57,-9 57,-4 57,-6 57,-9 57,-10 57,-7 57,-6 57,-2 57,-1 57,-6 57,-4 57,-3 57,-7 57,-1 57,-10 57,-1 57,-7 57,-6 57,-5 57,-17 57,-17 57,-17 57,-8 57,-6 57,-5 57,-5 57,-11 33,13 57,-9 57,-16 57,-7 57,-10 57,-10 57,-10 57,-14 57,-14 57,-13 57,-14 57,-14 57,-15 46,4 57,-6 57,-9 57,-17 37,8 57,-11 57,-18 57,-10 57,-18 57,-13 57,-8 57,-15 57,-9 57,-2 57,-6 57,-6 57,-4 57,-3 57,-4 57,-10 51,5 57,-15 57,-6 
57,-10 57,-7 57,-2 57,-2 57,-7 57,-2 57,-6 57,-6 57,-6 57,-1 57,-3 57,-10 57,-9 57,-9 57,-1 40,16 57,-4 57,-7 57,-8 57,-2 57,-3 57,-7 57,-6 57,-9 57,-2 57,-1 57,-1 57,-18 57,-8 57,-7 57,-10 32,15 57,-10 57,-9 57,-4 57,-6 57,-9 57,-10 57,-7 57,-6 57,-2 57,-1 57,-6 57,-4 57,-3 57,-7 57,-1 57,-10 57,-1 57,-7 57,-6 57,-5 57,-17 46,-6 57,-17 57,-8 57,-6 33,19 57,-5 57,-11 57,-11 57,-9 57,-16 57,-7 57,-10 57,-10 57,-10 57,-14 57,-14 57,-13 57,-14 57,-14 57,-15 57,-7 57,-6 57,-9 31,9 57,-12 57,-11 57,-18 57,-10 57,-18 57,-13 57,-8 57,-15 57,-9 57,-2 57,-6 57,-6 57,-4 57,-3 57,-4 44,3 57,-1 57,-15 57,-6 
