7
1
1
28
7|8|9|10|17|23|25|31|32|33|34|35|36|39|40|41|63|64|65|66|67|69|72|73|74|87|88|91
22,-1 24,-6 24,-4 24,-9 24,-7 24,-4 24,-9 24,-9 24,-8 24,-10 15,5 24,-10 24,-3 24,-11 24,-2 9,13 24,-7 24,-9 24,-6 24,-6 17,-2 24,-14 24,-10 24,-6 24,-8 24,-16 24,-15 24,-9 
24,-3 24,-6 24,-4 24,-9 24,-7 24,-4 24,-9 24,-9 24,-8 24,-10 24,-4 24,-10 15,6 24,-11 9,13 24,-2 24,-7 24,-9 24,-6 17,1 24,-9 24,-14 22,-8 24,-6 24,-8 24,-16 24,-15 24,-9 
24,-3 24,-6 24,-4 24,-9 24,-7 24,-4 24,-9 24,-9 24,-8 24,-10 24,-4 15,-1 24,-3 9,4 24,-2 24,-2 24,-7 24,-9 17,1 24,-6 24,-9 24,-14 24,-10 22,-4 24,-8 24,-16 24,-15 24,-9 
24,-3 24,-6 24,-4 24,-9 24,-7 24,-4 15,0 24,-9 18,-2 24,-10 24,-4 24,-10 24,-3 24,-11 24,-2 24,-2 24,-7 17,-2 24,-6 24,-6 24,-9 24,-14 24,-10 24,-6 22,-6 24,-16 24,-15 24,-9 
24,-3 22,-4 24,-4 24,-9 24,-7 15,5 24,-9 18,-3 24,-8 24,-10 24,-4 24,-10 24,-3 24,-11 24,-2 24,-2 17,0 24,-9 24,-6 24,-6 24,-9 24,-14 24,-10 24,-6 24,-8 24,-16 24,-15 24,-9 
24,-3 24,-6 24,-4 22,-7 15,2 24,-4 24,-9 24,-9 24,-8 18,-4 24,-4 24,-10 24,-3 24,-11 24,-2 24,-2 24,-7 24,-9 24,-6 24,-6 24,-9 24,-14 24,-10 24,-6 24,-8 24,-16 24,-15 17,-2 
24,-3 24,-9 22,-5 24,-12 24,-7 24,-7 24,-12 24,-12 24,-11 24,-13 24,-7 24,-13 24,-6 24,-14 24,-5 24,-5 24,-10 24,-12 24,-9 24,-9 24,-9 17,-10 24,-10 24,-6 24,-8 15,-7 18,-12 24,-12 
