6
1
1
60
130|131|132|133|134|135|138|140|142|144|18|21|23|158|32|37|38|167|39|169|170|43|40|45|166|41|44|49|50|52|57|59|61|165|64|65|67|68|70|78|79|168|82|83|84|86|87|88|89|93|94|96|102|105|106|107|109|112|114|115
88,-10 57,24 88,-10 88,-2 88,-7 88,-9 88,-12 88,-11 88,-1 88,-4 75,7 88,-6 88,-6 88,-4 82,-2 88,-10 88,-3 66,19 88,-7 88,-5 88,-9 88,-2 88,-7 77,4 88,-1 88,-8 88,-3 88,-6 88,-4 68,17 88,-7 88,-8 88,-10 88,-13 71,11 88,-9 88,-2 88,-1 88,-1 88,-3 88,-3 88,-10 86,-5 88,-6 88,-5 88,-7 79,0 88,-9 88,-1 88,-3 88,-7 88,-7 88,-3 88,-10 88,-1 88,-4 88,-2 81,-2 88,-1 88,-4 
88,-10 88,-7 88,-10 88,-2 88,-7 54,25 88,-12 88,-11 88,-1 75,9 88,-6 70,12 88,-6 88,-4 88,-8 69,9 88,-3 88,-3 88,-7 66,17 88,-9 88,-2 88,-7 88,-7 88,-1 88,-8 88,-3 88,-6 88,-4 88,-3 66,15 59,21 88,-10 88,-13 88,-6 88,-9 88,-2 88,-1 88,-1 88,-3 88,-3 88,-10 88,-7 88,-6 88,-5 86,-5 88,-9 79,0 88,-1 88,-3 88,-7 88,-7 88,-3 88,-10 88,-1 81,3 88,-2 88,-9 88,-1 88,-4 
88,-10 88,-7 88,-10 88,-2 54,27 88,-9 88,-12 88,-11 88,-1 88,-4 88,-6 88,-6 75,7 88,-4 88,-8 88,-10 69,16 88,-3 88,-7 88,-5 66,13 71,15 88,-7 88,-7 88,-1 88,-8 88,-3 88,-6 88,-4 88,-3 88,-7 88,-8 75,3 88,-13 88,-6 88,-9 88,-2 70,17 88,-1 86,-1 88,-3 88,-10 88,-7 88,-6 88,-5 88,-7 88,-9 88,-9 88,-1 79,6 88,-7 88,-7 88,-3 88,-10 88,-1 88,-4 81,5 88,-9 88,-1 88,-4 
88,-10 88,-7 88,-10 61,25 88,-7 88,-9 88,-12 88,-11 75,12 88,-4 88,-6 88,-6 88,-6 88,-4 88,-8 88,-10 88,-3 88,-3 74,7 88,-5 88,-9 88,-2 49,32 88,-7 66,21 88,-8 88,-3 88,-6 88,-4 88,-3 88,-7 88,-8 88,-10 88,-13 88,-6 66,13 88,-2 88,-1 88,-1 88,-3 86,-1 88,-10 88,-7 88,-6 88,-5 88,-7 88,-9 88,-9 88,-1 88,-3 88,-7 79,2 88,-3 88,-10 88,-1 88,-4 88,-2 88,-9 81,6 76,8 
88,-10 88,-7 57,21 88,-2 88,-7 88,-9 88,-12 75,2 88,-1 88,-4 88,-6 88,-6 88,-6 82,2 88,-8 88,-10 88,-3 88,-3 88,-7 88,-5 88,-9 88,-2 88,-7 88,-7 88,-1 77,3 88,-3 68,14 88,-4 88,-3 88,-7 88,-8 88,-10 66,9 88,-6 88,-9 88,-2 88,-1 71,16 88,-3 88,-3 88,-10 88,-7 88,-6 86,-3 88,-7 88,-9 88,-9 79,8 88,-3 88,-7 88,-7 88,-3 81,-3 88,-1 88,-4 88,-2 88,-9 88,-1 88,-4 
57,21 88,-7 88,-10 88,-2 88,-7 88,-9 75,1 88,-11 88,-1 88,-4 88,-6 88,-6 88,-6 88,-4 88,-8 88,-10 88,-3 88,-3 88,-7 88,-5 88,-9 88,-2 88,-7 88,-7 88,-1 88,-8 77,8 88,-6 68,16 88,-3 88,-7 88,-8 88,-10 88,-13 88,-6 88,-9 71,15 88,-1 88,-1 88,-3 88,-3 66,12 88,-7 86,-4 88,-5 88,-7 88,-9 88,-9 88,-1 88,-3 79,2 88,-7 82,3 88,-10 81,6 88,-4 88,-2 88,-9 88,-1 88,-4 
