6
1
1
60
130|131|132|133|134|135|16|17|18|21|22|23|36|37|38|39|168|169|170|167|166|165|48|49|50|51|52|53|54|55|56|57|58|59|60|61|62|63|70|71|81|82|83|84|85|86|92|93|94|95|96|97|98|99|109|110|111|112|113|114
88,-10 88,-7 88,-2 88,-2 88,-7 54,25 88,-4 88,-8 88,-6 88,-6 88,-9 75,7 88,-4 88,-10 88,-3 88,-7 88,-13 88,-9 66,5 88,-5 88,-5 88,-8 88,-2 88,-6 88,-4 88,-4 88,-3 88,-1 88,-9 88,-9 88,-5 58,23 88,-6 88,-8 88,-10 88,-10 88,-3 64,21 88,-1 62,19 88,-1 88,-7 88,-6 88,-5 88,-4 86,-5 88,-5 88,-3 88,-7 88,-9 88,-7 79,8 88,-7 82,1 88,-2 88,-1 88,-7 88,-9 88,-1 81,6 
88,-10 88,-7 88,-2 88,-2 54,27 88,-9 88,-4 88,-8 88,-6 88,-6 75,4 88,-6 88,-4 88,-10 88,-3 88,-7 88,-13 66,13 88,-17 88,-5 88,-5 88,-8 88,-2 88,-6 88,-4 88,-4 88,-3 88,-1 88,-9 88,-9 58,25 88,-7 88,-6 88,-8 88,-10 88,-10 64,21 88,-3 62,25 88,-7 88,-1 88,-7 88,-6 88,-5 86,-2 88,-7 88,-5 88,-3 88,-7 88,-9 79,2 88,-1 82,-1 88,-5 88,-2 88,-1 88,-7 88,-9 81,6 88,-1 
88,-10 88,-7 88,-2 70,16 88,-7 88,-9 88,-4 88,-8 88,-6 75,7 88,-9 88,-6 88,-4 88,-10 88,-3 69,12 66,9 88,-9 88,-17 88,-5 88,-5 88,-8 88,-2 88,-6 88,-4 88,-4 76,9 88,-1 88,-9 84,-5 88,-5 88,-7 88,-6 88,-8 88,-10 77,1 88,-3 88,-3 88,-1 88,-7 88,-1 88,-7 88,-6 86,-3 88,-4 88,-7 88,-5 88,-3 88,-7 79,0 88,-7 88,-1 88,-7 88,-5 88,-2 88,-1 88,-7 81,-2 88,-1 88,-1 
88,-10 88,-7 70,16 88,-2 88,-7 88,-9 88,-4 88,-8 75,7 88,-6 88,-9 88,-6 88,-4 88,-10 69,16 88,-7 88,-13 88,-9 88,-17 66,17 88,-5 88,-8 88,-2 88,-6 88,-4 76,8 88,-3 88,-1 84,-5 88,-9 88,-5 88,-7 88,-6 88,-8 77,1 88,-10 88,-3 88,-3 88,-1 88,-7 88,-1 88,-7 86,-4 88,-5 88,-4 88,-7 88,-5 88,-3 79,2 88,-9 88,-7 88,-1 88,-7 88,-5 88,-2 88,-1 81,0 88,-9 88,-1 88,-1 
88,-10 70,11 88,-2 88,-2 88,-7 88,-9 88,-4 75,5 88,-6 88,-6 88,-9 88,-6 88,-4 69,9 88,-3 88,-7 88,-13 88,-9 88,-17 88,-5 66,17 88,-8 88,-2 88,-6 76,8 88,-4 88,-3 84,3 88,-9 88,-9 88,-5 88,-7 88,-6 77,3 88,-10 88,-10 88,-3 88,-3 88,-1 88,-7 88,-1 86,-5 88,-6 88,-5 88,-4 88,-7 88,-5 79,6 88,-7 88,-9 88,-7 88,-1 88,-7 88,-5 88,-2 81,6 88,-7 88,-9 88,-1 88,-1 
52,26 88,-7 88,-2 88,-2 88,-7 88,-9 75,9 88,-8 88,-6 88,-6 88,-9 88,-6 82,2 88,-10 88,-3 88,-7 88,-13 88,-9 88,-17 88,-5 88,-5 66,14 71,15 63,19 88,-4 88,-4 88,-3 88,-1 88,-9 88,-9 88,-5 88,-7 77,5 88,-8 88,-10 88,-10 88,-3 88,-3 88,-1 88,-7 86,1 88,-7 88,-6 88,-5 88,-4 88,-7 79,4 88,-3 88,-7 88,-9 88,-7 88,-1 88,-7 88,-5 81,5 88,-1 88,-7 88,-9 88,-1 88,-1 
