7
1
1
28
7|8|9|10|17|23|25|31|32|33|34|35|36|39|40|41|63|64|65|66|67|69|72|73|74|87|88|91
11,6 18,-5 18,-5 18,-4 18,-2 18,-3 18,-2 18,-9 18,-8 18,-2 17,-8 18,-2 18,-7 18,-13 18,-3 10,1 18,-3 18,-6 18,-10 18,-2 15,0 18,-10 18,-10 18,-11 18,-9 18,-11 18,-11 18,-7 
18,-1 18,-5 18,-5 18,-4 18,-2 18,-3 18,-2 18,-9 18,-8 18,-2 18,-9 18,-2 17,-6 18,-13 10,5 18,-7 18,-3 18,-6 18,-10 15,1 18,-3 18,-10 11,-3 18,-11 18,-9 18,-11 18,-11 18,-7 
18,-1 18,-5 18,-5 18,-4 18,-2 18,-3 18,-2 18,-9 18,-8 18,-2 18,-9 17,-1 18,-7 10,-5 18,-3 18,-7 18,-3 18,-6 15,-7 18,-2 18,-3 18,-10 18,-10 11,-4 18,-9 18,-11 18,-11 18,-7 
18,-1 18,-5 18,-5 18,-4 18,-2 18,-3 17,-1 18,-9 11,-1 18,-2 18,-9 18,-2 18,-7 18,-13 18,-3 18,-7 18,-3 15,-3 18,-10 18,-2 18,-3 18,-10 18,-10 18,-11 11,-2 18,-11 18,-11 18,-7 
18,-1 11,2 18,-5 18,-4 18,-2 17,-2 18,-2 11,-2 18,-8 18,-2 18,-9 18,-2 18,-7 18,-13 18,-3 18,-7 15,0 18,-6 18,-10 18,-2 18,-3 18,-10 18,-10 18,-11 18,-9 18,-11 18,-11 18,-7 
18,-1 18,-5 18,-5 11,3 17,-1 18,-3 18,-2 18,-9 18,-8 11,5 18,-9 18,-2 18,-7 18,-13 18,-3 18,-7 18,-3 18,-6 18,-10 18,-2 18,-3 18,-10 18,-10 18,-11 18,-9 18,-11 18,-11 15,-4 
18,-1 18,-6 11,1 18,-5 18,-2 18,-4 18,-3 18,-10 18,-9 18,-3 18,-10 18,-3 18,-8 18,-14 18,-4 18,-8 18,-4 18,-7 18,-11 18,-3 18,-3 15,-8 18,-10 18,-11 18,-9 17,-10 11,-5 18,-8 
