9
1
1
36
5|6|7|9|10|11|12|17|18|19|20|21|22|23|25|31|32|33|34|35|39|40|41|62|63|64|65|66|67|68|69|73|86|87|88|91
11,6 18,-6 18,-1 18,-5 18,-4 18,-9 18,-1 17,-1 18,-9 18,-10 18,-4 18,-1 18,-1 18,-3 18,-3 18,-9 18,-8 18,-2 18,-9 18,-3 18,-13 18,-3 18,-7 18,-10 18,-9 18,-12 18,-17 18,-8 18,-9 18,-11 15,-13 18,-11 18,-10 18,-6 11,1 18,-7 
18,-1 11,1 18,-1 18,-5 18,-4 18,-9 18,-1 18,-2 18,-9 18,-10 18,-4 18,-1 10,7 18,-3 18,-3 18,-9 18,-8 18,-2 11,-2 18,-3 18,-13 18,-3 18,-7 18,-10 18,-9 18,-12 15,-14 18,-8 18,-9 18,-11 18,-16 18,-11 18,-10 18,-6 18,-6 18,-7 
18,-1 18,-6 11,6 18,-5 18,-4 18,-9 18,-1 18,-2 18,-9 17,-9 18,-4 18,-1 18,-1 18,-3 18,-3 18,-9 11,-1 18,-2 18,-9 18,-3 18,-13 18,-3 18,-7 18,-10 18,-9 15,-9 18,-17 18,-8 18,-9 18,-11 18,-16 18,-11 18,-10 18,-6 18,-6 18,-7 
18,-1 18,-6 18,-1 11,2 18,-4 18,-9 18,-1 18,-2 18,-9 18,-10 18,-4 18,-1 18,-1 18,-3 18,-3 18,-9 18,-8 18,-2 18,-9 11,4 18,-13 18,-3 18,-7 15,-7 18,-9 18,-12 18,-17 18,-8 18,-9 18,-11 18,-16 18,-11 18,-10 10,2 18,-6 18,-7 
18,-1 18,-7 18,-2 18,-6 11,2 18,-10 18,-2 18,-3 18,-10 18,-11 18,-5 18,-2 18,-2 18,-4 17,-2 18,-10 18,-9 18,-3 18,-10 18,-3 18,-14 11,3 18,-8 18,-11 18,-10 18,-13 18,-17 18,-9 18,-10 15,-9 18,-17 18,-12 18,-11 18,-7 18,-7 18,-8 
18,-7 18,-6 18,-7 18,-11 18,-10 11,-8 18,-7 18,-8 18,-15 18,-16 18,-10 18,-7 18,-7 17,-8 18,-9 18,-15 18,-14 18,-8 18,-15 18,-9 11,-12 18,-9 18,-13 18,-10 18,-9 18,-12 18,-17 18,-8 18,-9 18,-11 18,-16 18,-17 18,-10 18,-12 18,-12 15,-10 
18,-2 18,-7 18,-1 18,-6 18,-5 18,-10 11,5 18,-2 18,-10 18,-11 17,-4 18,-2 18,-2 18,-4 18,-4 18,-10 18,-9 18,-3 18,-10 18,-4 18,-14 18,-4 11,-1 18,-11 18,-10 18,-13 18,-18 18,-9 15,-6 18,-12 18,-17 18,-11 18,-11 18,-6 18,-7 18,-8 
18,-1 18,-6 18,-1 18,-5 18,-4 18,-9 18,-1 18,-2 17,-8 18,-10 18,-4 18,-1 18,-1 18,-3 18,-3 18,-9 18,-8 11,5 18,-9 18,-3 18,-13 18,-3 18,-7 18,-10 18,-9 18,-12 18,-17 15,-5 18,-9 18,-11 18,-16 11,-4 18,-10 18,-6 18,-6 18,-7 
18,-6 18,-11 18,-6 18,-5 18,-9 18,-14 18,-6 18,-7 18,-14 18,-10 18,-9 17,-5 18,-6 18,-8 18,-8 11,-7 18,-13 18,-7 18,-14 18,-8 18,-13 18,-8 18,-12 18,-15 15,-11 18,-17 18,-22 18,-13 18,-14 18,-16 18,-16 18,-16 11,-8 18,-11 18,-11 18,-7 
