6
1
1
60
130|131|132|133|134|135|16|17|18|21|22|23|36|37|38|39|168|169|170|167|166|165|48|49|50|51|52|53|54|55|56|57|58|59|60|61|62|63|70|71|81|82|83|84|85|86|92|93|94|95|96|97|98|99|109|110|111|112|113|114
62,-2 62,-8 62,-3 62,-7 62,-3 37,19 62,-7 62,-9 62,-10 62,-2 62,-10 57,3 62,-7 62,-5 62,-10 62,-5 62,-13 62,-9 47,-3 62,-8 62,-13 62,-16 62,-10 62,-1 62,-9 62,-8 62,-5 62,-1 62,-7 62,-10 62,-1 38,20 62,-1 62,-1 62,-9 62,-1 62,-7 35,22 62,-4 41,12 62,-3 62,-4 62,-5 62,-8 62,-2 55,-2 62,-1 62,-7 62,-3 62,-3 62,-10 61,-2 62,-4 55,-1 62,-6 62,-7 62,-2 62,-9 62,-10 59,-1 
62,-2 62,-8 62,-3 62,-7 37,22 62,-6 62,-7 62,-9 62,-10 62,-2 57,-5 62,-2 62,-7 62,-5 62,-10 62,-5 62,-13 47,6 62,-18 62,-8 62,-13 62,-16 62,-10 62,-1 62,-9 62,-8 62,-5 62,-1 62,-7 62,-10 38,23 62,-4 62,-1 62,-1 62,-9 62,-1 35,20 62,-5 41,17 62,-9 62,-3 62,-4 62,-5 62,-8 55,5 62,-9 62,-1 62,-7 62,-3 62,-3 61,-9 62,-3 55,3 62,-8 62,-6 62,-7 62,-2 62,-9 59,-7 62,-4 
62,-2 62,-8 62,-3 52,3 62,-3 62,-6 62,-7 62,-9 62,-10 57,3 62,-10 62,-2 62,-7 62,-5 62,-10 44,13 50,-1 62,-9 62,-18 62,-8 62,-13 62,-16 62,-10 62,-1 62,-9 62,-8 49,8 62,-1 62,-7 59,-7 62,-1 62,-4 62,-1 62,-1 62,-9 55,6 62,-7 62,-5 62,-4 62,-9 62,-3 62,-4 62,-5 55,-1 62,-2 62,-9 62,-1 62,-7 62,-3 61,-2 62,-10 62,-3 62,-4 62,-8 62,-6 62,-7 62,-2 59,-6 62,-10 62,-4 
62,-2 62,-8 52,7 62,-7 62,-3 62,-6 62,-7 62,-9 57,-5 62,-2 62,-10 62,-2 62,-7 62,-5 44,8 62,-5 62,-13 62,-9 62,-18 50,4 62,-13 62,-16 62,-10 62,-1 62,-9 49,5 62,-5 62,-1 59,-4 62,-10 62,-1 62,-4 62,-1 62,-1 55,-2 62,-1 62,-7 62,-5 62,-4 62,-9 62,-3 62,-4 55,2 62,-8 62,-2 62,-9 62,-1 62,-7 61,-2 62,-3 62,-10 62,-3 62,-4 62,-8 62,-6 62,-7 59,1 62,-9 62,-10 62,-4 
62,-2 52,2 62,-3 62,-7 62,-3 62,-6 62,-7 57,-4 62,-10 62,-2 62,-10 62,-2 62,-7 44,13 62,-10 62,-5 62,-13 62,-9 62,-18 62,-8 50,-1 62,-16 62,-10 62,-1 49,4 62,-8 62,-5 59,2 62,-7 62,-10 62,-1 62,-4 62,-1 55,6 62,-9 62,-1 62,-7 62,-5 62,-4 62,-9 62,-3 55,3 62,-5 62,-8 62,-2 62,-9 62,-1 61,-6 62,-3 62,-3 62,-10 62,-3 62,-4 62,-8 62,-6 59,-4 62,-2 62,-9 62,-10 62,-4 
41,19 62,-8 62,-3 62,-7 62,-3 62,-6 57,-2 62,-9 62,-10 62,-2 62,-10 62,-2 55,0 62,-5 62,-10 62,-5 62,-13 62,-9 62,-18 62,-8 62,-13 50,-4 48,4 46,15 62,-9 62,-8 62,-5 62,-1 62,-7 62,-10 62,-1 62,-4 55,6 62,-1 62,-9 62,-1 62,-7 62,-5 62,-4 62,-9 55,4 62,-4 62,-5 62,-8 62,-2 62,-9 61,0 62,-7 62,-3 62,-3 62,-10 62,-3 62,-4 62,-8 59,-3 62,-7 62,-2 62,-9 62,-10 62,-4 
