16
1
1
96
18|19|20|21|22|23|24|25|26|27|28|29|30|57|67|85|87|98|99|100|101|102|103|104|105|106|112|130|131|133|134|135|140|141|143|147|148|149|150|161|162|163|166|171|172|173|174|175|176|177|178|179|180|182|183|204|209|236|237|238|239|240|241|242|243|244|245|246|247|251|264|265|266|274|278|279|301|302|303|304|305|306|307|322|326|378|379|380|381|382|383|406|409|417|418|420
34,-2 34,-8 34,-3 34,-7 34,-3 34,-6 17,7 34,-2 34,-2 34,-7 34,-10 34,-10 34,-6 34,-9 34,-3 34,-6 34,-7 34,-3 25,2 34,-3 34,-6 34,-9 34,-3 34,-8 34,-2 34,-1 34,-2 26,-7 34,-8 34,-1 34,-7 34,-2 34,-2 34,-2 34,-9 34,-1 34,-6 34,-5 34,-5 34,-8 15,9 34,-6 34,-1 34,-9 34,-5 34,-4 34,-3 34,-1 34,-4 34,-4 34,-5 27,-1 34,-11 34,-5 34,-12 34,-13 34,-13 34,-16 34,-10 34,-16 34,-8 34,-11 34,-16 34,-13 34,-15 34,-15 34,-17 34,-19 34,-19 34,-12 34,-10 34,-5 34,-9 34,-8 34,-9 34,-12 34,-7 34,-13 34,-12 34,-16 34,-10 34,-8 34,-15 34,-10 34,-6 34,-9 25,1 34,-1 34,-10 34,-10 34,-8 34,-7 34,-4 34,-1 34,-3 34,-12 
34,-2 34,-8 34,-3 34,-7 34,-3 34,-6 34,-10 34,-2 34,-2 34,-7 34,-10 34,-10 21,7 34,-9 34,-3 34,-6 34,-7 34,-3 34,-7 19,12 34,-6 34,-9 34,-3 34,-8 34,-2 34,-1 26,6 34,-15 34,-8 34,-1 34,-7 34,-2 34,-2 34,-2 34,-9 34,-1 34,-6 34,-5 34,-5 13,13 34,-10 34,-6 34,-1 34,-9 34,-5 34,-4 34,-3 34,-1 34,-4 34,-4 34,-5 34,-8 34,-11 34,-5 34,-12 25,-4 34,-13 34,-16 34,-10 34,-16 34,-8 34,-11 27,-9 34,-13 34,-15 34,-15 34,-17 34,-19 34,-19 34,-12 34,-10 34,-5 34,-9 34,-8 34,-9 34,-12 34,-7 34,-13 34,-12 34,-16 34,-10 34,-8 34,-15 34,-10 34,-6 34,-9 34,-8 34,-1 34,-10 34,-10 34,-8 34,-7 34,-4 34,-1 34,-3 34,-12 
34,-2 34,-8 34,-3 34,-7 34,-3 34,-6 34,-10 21,11 34,-2 34,-7 34,-10 34,-10 34,-6 34,-9 34,-3 34,-6 34,-7 34,-3 34,-7 34,-3 34,-6 34,-9 34,-3 25,1 34,-2 34,-1 34,-2 34,-15 34,-8 34,-1 34,-7 34,-2 34,-2 34,-2 34,-9 34,-1 34,-6 34,-5 34,-5 34,-8 34,-10 19,9 34,-1 34,-9 34,-5 34,-4 34,-3 34,-1 34,-4 26,4 34,-5 34,-8 34,-11 34,-5 34,-12 34,-13 34,-13 34,-16 34,-10 34,-16 34,-8 34,-11 34,-16 34,-13 34,-15 34,-15 27,-10 34,-19 34,-19 34,-12 34,-10 34,-5 34,-9 34,-8 34,-9 34,-12 34,-7 34,-13 34,-12 34,-16 34,-10 34,-8 34,-15 34,-10 34,-6 34,-9 34,-8 25,8 34,-10 34,-10 34,-8 34,-7 34,-4 34,-1 34,-3 34,-12 
34,-2 34,-8 34,-3 34,-7 34,-3 21,7 34,-10 34,-2 34,-2 34,-7 34,-10 34,-10 34,-6 34,-9 34,-3 34,-6 34,-7 34,-3 34,-7 34,-3 25,3 34,-9 34,-3 34,-8 34,-2 34,-1 34,-2 34,-15 34,-8 34,-1 34,-7 34,-2 34,-2 34,-2 34,-9 34,-1 26,2 34,-5 34,-5 34,-8 34,-10 34,-6 17,16 34,-9 34,-5 34,-4 34,-3 34,-1 34,-4 34,-4 34,-5 34,-8 27,-4 34,-5 34,-12 34,-13 34,-13 34,-16 34,-10 34,-16 34,-8 34,-11 34,-16 34,-13 34,-15 34,-15 34,-17 34,-19 34,-19 25,-3 34,-10 34,-5 34,-9 34,-8 34,-9 34,-12 34,-7 34,-13 34,-12 34,-16 34,-10 34,-8 34,-15 34,-10 34,-6 34,-9 34,-8 34,-1 34,-10 34,-10 34,-8 34,-7 34,-4 34,-1 34,-3 34,-12 
34,-2 34,-8 34,-3 34,-7 34,-3 34,-6 34,-10 34,-2 34,-2 34,-7 34,-10 14,10 34,-6 34,-9 34,-3 34,-6 34,-7 34,-3 34,-7 34,-3 34,-6 34,-9 25,6 34,-8 34,-2 34,-1 34,-2 34,-15 34,-8 34,-1 34,-7 34,-2 34,-2 34,-2 34,-9 34,-1 34,-6 26,3 34,-5 34,-8 34,-10 34,-6 34,-1 15,10 34,-5 34,-4 34,-3 34,-1 34,-4 34,-4 34,-5 34,-8 34,-11 34,-5 34,-12 34,-13 34,-13 34,-16 34,-10 34,-16 34,-8 34,-11 34,-16 34,-13 34,-15 34,-15 34,-17 34,-19 34,-19 34,-12 34,-10 34,-5 34,-9 34,-8 34,-9 27,-5 34,-7 34,-13 34,-12 34,-16 34,-10 34,-8 34,-15 34,-10 34,-6 22,3 34,-8 34,-1 34,-10 34,-10 34,-8 34,-7 34,-4 34,-1 34,-3 34,-12 
34,-2 34,-8 21,10 34,-7 34,-3 34,-6 34,-10 34,-2 34,-2 34,-7 34,-10 34,-10 34,-6 34,-9 34,-3 34,-6 34,-7 25,6 34,-7 34,-3 34,-6 34,-9 34,-3 34,-8 34,-2 34,-1 34,-2 34,-15 26,0 34,-1 34,-7 34,-2 34,-2 34,-2 34,-9 34,-1 34,-6 34,-5 34,-5 34,-8 34,-10 34,-6 34,-1 34,-9 19,10 34,-4 34,-3 34,-1 34,-4 34,-4 34,-5 34,-8 34,-11 34,-5 34,-12 34,-13 25,-4 34,-16 34,-10 27,-9 34,-8 34,-11 34,-16 34,-13 34,-15 34,-15 34,-17 34,-19 34,-19 34,-12 34,-10 34,-5 34,-9 34,-8 34,-9 34,-12 34,-7 34,-13 34,-12 34,-16 34,-10 34,-8 34,-15 34,-10 34,-6 34,-9 34,-8 34,-1 34,-10 34,-10 34,-8 34,-7 34,-4 34,-1 34,-3 34,-12 
34,-2 34,-8 34,-3 34,-7 34,-3 34,-6 34,-10 34,-2 34,-2 34,-7 34,-10 34,-10 34,-6 34,-9 34,-3 34,-6 34,-7 34,-3 34,-7 34,-3 34,-6 25,0 34,-3 34,-8 34,-2 34,-1 34,-2 34,-15 34,-8 34,-1 34,-7 34,-2 34,-2 34,-2 34,-9 34,-1 34,-6 34,-5 34,-5 34,-8 34,-10 34,-6 34,-1 34,-9 34,-5 34,-4 25,6 34,-1 34,-4 34,-4 26,3 34,-8 34,-11 34,-5 34,-12 34,-13 34,-13 34,-16 34,-10 34,-16 34,-8 20,3 34,-16 34,-13 34,-15 34,-15 34,-17 34,-19 34,-19 34,-12 34,-10 34,-5 34,-9 34,-8 34,-9 34,-12 34,-7 34,-13 34,-12 34,-16 34,-10 34,-8 34,-15 21,3 34,-6 34,-9 34,-8 34,-1 34,-10 20,4 34,-8 34,-7 34,-4 34,-1 34,-3 34,-12 
34,-2 34,-8 34,-3 34,-7 34,-3 34,-6 34,-10 34,-2 34,-2 34,-7 14,10 34,-10 34,-6 34,-9 34,-3 34,-6 34,-7 34,-3 34,-7 34,-3 34,-6 34,-9 34,-3 34,-8 34,-2 25,8 34,-2 34,-15 34,-8 34,-1 34,-7 34,-2 34,-2 34,-2 34,-9 34,-1 34,-6 34,-5 34,-5 34,-8 34,-10 34,-6 34,-1 34,-9 34,-5 34,-4 34,-3 15,18 26,4 34,-4 34,-5 34,-8 34,-11 34,-5 34,-12 34,-13 34,-13 34,-16 34,-10 34,-16 34,-8 34,-11 34,-16 34,-13 34,-15 34,-15 34,-17 34,-19 34,-19 34,-12 34,-10 34,-5 34,-9 34,-8 27,-2 34,-12 34,-7 34,-13 34,-12 34,-16 34,-10 34,-8 34,-15 34,-10 34,-6 34,-9 34,-8 34,-1 22,2 34,-10 34,-8 34,-7 34,-4 34,-1 34,-3 34,-12 
34,-2 34,-8 34,-3 34,-7 34,-3 34,-6 34,-10 34,-2 34,-2 34,-7 34,-10 34,-10 34,-6 34,-9 34,-3 34,-6 34,-7 34,-3 34,-7 34,-3 34,-6 34,-9 34,-3 34,-8 25,7 34,-1 34,-2 34,-15 34,-8 34,-1 34,-7 34,-2 34,-2 34,-2 34,-9 26,7 34,-6 34,-5 34,-5 34,-8 34,-10 34,-6 34,-1 34,-9 34,-5 25,5 34,-3 34,-1 34,-4 34,-4 34,-5 34,-8 34,-11 34,-5 34,-12 34,-13 34,-13 34,-16 34,-10 34,-16 34,-8 34,-11 34,-16 20,1 34,-15 34,-15 34,-17 34,-19 34,-19 34,-12 34,-10 34,-5 34,-9 34,-8 34,-9 34,-12 34,-7 34,-13 34,-12 34,-16 34,-10 34,-8 34,-15 34,-10 21,7 34,-9 34,-8 34,-1 34,-10 34,-10 20,6 34,-7 34,-4 34,-1 34,-3 34,-12 
22,10 34,-8 34,-3 34,-7 34,-3 34,-6 34,-10 34,-2 34,-2 34,-7 34,-10 34,-10 34,-6 34,-9 25,6 34,-6 24,3 34,-3 34,-7 34,-3 34,-6 34,-9 34,-3 34,-8 34,-2 34,-1 34,-2 34,-15 34,-8 34,-1 34,-7 34,-2 34,-2 34,-2 34,-9 34,-1 34,-6 34,-5 27,2 34,-8 34,-10 34,-6 34,-1 34,-9 34,-5 34,-4 34,-3 34,-1 34,-4 34,-4 34,-5 34,-8 34,-11 34,-5 34,-12 34,-13 34,-13 34,-16 34,-10 34,-16 34,-8 34,-11 34,-16 34,-13 34,-15 34,-15 34,-17 11,4 34,-19 34,-12 34,-10 34,-5 34,-9 34,-8 34,-9 34,-12 34,-7 34,-13 34,-12 34,-16 33,-9 34,-8 34,-15 34,-10 34,-6 34,-9 34,-8 34,-1 34,-10 34,-10 34,-8 34,-7 34,-4 34,-1 34,-3 34,-12 
34,-2 34,-8 34,-3 34,-7 34,-3 34,-6 34,-10 34,-2 24,8 34,-7 34,-10 34,-10 34,-6 34,-9 34,-3 34,-6 34,-7 34,-3 34,-7 34,-3 34,-6 34,-9 34,-3 34,-8 34,-2 34,-1 34,-2 34,-15 34,-8 34,-1 34,-7 34,-2 25,7 34,-2 34,-9 34,-1 34,-6 34,-5 34,-5 34,-8 34,-10 34,-6 34,-1 34,-9 34,-5 34,-4 34,-3 34,-1 34,-4 34,-4 34,-5 34,-8 34,-11 34,-5 34,-12 34,-13 34,-13 34,-16 34,-10 34,-16 34,-8 34,-11 34,-16 34,-13 34,-15 34,-15 34,-17 34,-19 23,-8 34,-12 34,-10 34,-5 26,-1 34,-8 34,-9 34,-12 34,-7 34,-13 34,-12 34,-16 34,-10 34,-8 12,7 34,-10 34,-6 34,-9 34,-8 34,-1 34,-10 34,-10 34,-8 34,-7 34,-4 34,-1 34,-3 23,-1 
34,-2 34,-8 34,-3 34,-7 34,-3 34,-6 34,-10 34,-2 34,-2 24,3 34,-10 34,-10 34,-6 34,-9 34,-3 34,-6 34,-7 34,-3 34,-7 34,-3 34,-6 34,-9 34,-3 34,-8 34,-2 34,-1 34,-2 34,-15 34,-8 34,-1 34,-7 34,-2 34,-2 25,7 34,-9 34,-1 34,-6 34,-5 34,-5 34,-8 34,-10 34,-6 34,-1 34,-9 34,-5 34,-4 34,-3 34,-1 34,-4 34,-4 34,-5 34,-8 34,-11 34,-5 34,-12 34,-13 34,-13 34,-16 23,1 34,-16 34,-8 34,-11 34,-16 34,-13 34,-15 34,-15 34,-17 34,-19 34,-19 34,-12 34,-10 26,3 34,-9 34,-8 34,-9 34,-12 34,-7 34,-13 34,-12 34,-16 34,-10 12,14 34,-15 34,-10 34,-6 34,-9 34,-8 34,-1 34,-10 34,-10 34,-8 23,4 34,-4 34,-1 34,-3 34,-12 
34,-2 24,2 34,-3 34,-7 34,-3 34,-6 34,-10 34,-2 34,-2 34,-7 34,-10 34,-10 34,-6 23,2 34,-3 34,-6 34,-7 34,-3 34,-7 34,-3 34,-6 34,-9 34,-3 34,-8 34,-2 34,-1 34,-2 34,-15 34,-8 34,-1 34,-7 34,-2 34,-2 34,-2 25,0 34,-1 34,-6 34,-5 34,-5 34,-8 34,-10 34,-6 34,-1 34,-9 34,-5 34,-4 34,-3 34,-1 34,-4 34,-4 34,-5 34,-8 34,-11 34,-5 34,-12 34,-13 34,-13 34,-16 34,-10 34,-16 34,-8 34,-11 34,-16 34,-13 34,-15 23,-4 34,-17 34,-19 34,-19 34,-12 26,-2 34,-5 34,-9 34,-8 34,-9 34,-12 34,-7 34,-13 34,-12 12,6 34,-10 34,-8 34,-15 34,-10 34,-6 34,-9 34,-8 34,-1 34,-10 34,-10 34,-8 34,-7 34,-4 34,-1 34,-3 34,-12 
34,-2 34,-8 34,-3 34,-7 24,7 34,-6 34,-10 34,-2 34,-2 34,-7 34,-10 34,-10 34,-6 34,-9 34,-3 34,-6 34,-7 34,-3 34,-7 34,-3 34,-6 34,-9 34,-3 34,-8 34,-2 34,-1 34,-2 34,-15 34,-8 25,8 34,-7 34,-2 34,-2 34,-2 34,-9 34,-1 34,-6 34,-5 34,-5 34,-8 34,-10 34,-6 34,-1 34,-9 34,-5 34,-4 34,-3 34,-1 34,-4 34,-4 34,-5 34,-8 34,-11 34,-5 26,-4 34,-13 34,-13 34,-16 34,-10 34,-16 34,-8 34,-11 34,-16 34,-13 23,-4 34,-15 34,-17 34,-19 34,-19 34,-12 34,-10 34,-5 34,-9 34,-8 34,-9 34,-12 34,-7 34,-13 18,4 34,-16 34,-10 34,-8 34,-15 34,-10 34,-6 34,-9 34,-8 34,-1 34,-10 34,-10 34,-8 34,-7 34,-4 34,-1 23,8 34,-12 
34,-2 34,-8 34,-3 24,3 34,-3 34,-6 34,-10 34,-2 34,-2 34,-7 34,-10 34,-10 34,-6 34,-9 34,-3 34,-6 34,-7 34,-3 34,-7 34,-3 34,-6 34,-9 34,-3 34,-8 34,-2 34,-1 34,-2 34,-15 34,-8 34,-1 25,2 34,-2 34,-2 34,-2 34,-9 34,-1 34,-6 34,-5 34,-5 34,-8 34,-10 34,-6 34,-1 34,-9 34,-5 34,-4 34,-3 34,-1 34,-4 34,-4 34,-5 34,-8 34,-11 34,-5 34,-12 34,-13 34,-13 34,-16 34,-10 34,-16 23,3 34,-11 34,-16 34,-13 34,-15 34,-15 34,-17 34,-19 34,-19 34,-12 34,-10 34,-5 34,-9 26,0 34,-9 34,-12 34,-7 15,6 34,-12 34,-16 34,-10 34,-8 34,-15 34,-10 34,-6 34,-9 34,-8 34,-1 34,-10 34,-10 34,-8 34,-7 34,-4 27,6 34,-3 34,-12 
34,-2 34,-8 34,-3 34,-7 34,-3 34,-6 34,-10 34,-2 34,-2 34,-7 34,-10 34,-10 34,-6 34,-9 34,-3 24,4 34,-7 34,-3 34,-7 34,-3 34,-6 34,-9 34,-3 34,-8 34,-2 34,-1 34,-2 34,-15 34,-8 34,-1 34,-7 25,7 34,-2 34,-2 34,-9 34,-1 34,-6 34,-5 34,-5 34,-8 34,-10 34,-6 34,-1 34,-9 34,-5 34,-4 34,-3 34,-1 34,-4 34,-4 34,-5 34,-8 34,-11 26,3 34,-12 34,-13 34,-13 23,-5 34,-10 34,-16 34,-8 34,-11 34,-16 34,-13 34,-15 34,-15 34,-17 34,-19 34,-19 34,-12 34,-10 34,-5 34,-9 34,-8 34,-9 34,-12 21,6 34,-13 34,-12 34,-16 34,-10 34,-8 34,-15 34,-10 34,-6 34,-9 34,-8 34,-1 34,-10 34,-10 34,-8 34,-7 23,7 34,-1 34,-3 34,-12 
