6
1
1
60
130|131|132|133|134|135|138|140|142|144|18|21|23|158|32|37|38|167|39|169|170|43|40|45|166|41|44|49|50|52|57|59|61|165|64|65|67|68|70|78|79|168|82|83|84|86|87|88|89|93|94|96|102|105|106|107|109|112|114|115
62,-2 34,20 62,-12 62,-7 62,-3 62,-6 62,-12 62,-12 62,-3 62,-12 57,-5 62,-2 62,-2 62,-7 55,-2 62,-5 62,-10 50,9 62,-5 62,-2 62,-9 62,-3 62,-3 53,0 62,-6 62,-7 62,-6 62,-1 62,-9 37,20 62,-4 62,-1 62,-1 62,-17 50,9 62,-8 62,-2 62,-1 62,-4 62,-10 62,-4 62,-7 55,3 62,-5 62,-8 62,-9 61,-9 62,-2 62,-2 62,-7 62,-3 62,-10 62,-1 62,-6 62,-3 62,-5 62,-6 59,-6 62,-4 62,-5 
62,-2 62,-8 62,-12 62,-7 62,-3 37,19 62,-12 62,-12 62,-3 52,-2 62,-10 49,11 62,-2 62,-7 62,-9 44,13 62,-10 62,-3 62,-5 47,13 62,-9 62,-3 62,-3 62,-9 62,-6 62,-7 62,-6 62,-1 62,-9 62,-5 48,10 42,19 62,-1 62,-17 62,-3 62,-8 62,-2 62,-1 62,-4 62,-10 62,-4 62,-7 62,-4 62,-5 62,-8 55,-2 62,-10 61,-1 62,-2 62,-7 62,-3 62,-10 62,-1 62,-6 62,-3 59,-2 62,-6 62,-9 62,-4 62,-5 
62,-2 62,-8 62,-12 62,-7 37,22 62,-6 62,-12 62,-12 62,-3 62,-12 62,-10 62,-2 57,3 62,-7 62,-9 62,-5 37,15 62,-3 62,-5 62,-2 47,6 56,3 62,-3 62,-9 62,-6 62,-7 62,-6 62,-1 62,-9 62,-5 62,-4 62,-1 50,11 62,-17 62,-3 62,-8 62,-2 51,10 62,-4 55,-3 62,-4 62,-7 62,-4 62,-5 62,-8 62,-9 62,-10 62,-2 62,-2 61,-6 62,-3 62,-10 62,-1 62,-6 62,-3 62,-5 59,-3 62,-9 62,-4 62,-5 
62,-2 62,-8 62,-12 43,12 62,-3 62,-6 62,-12 62,-12 57,2 62,-12 62,-10 62,-2 62,-2 62,-7 62,-9 62,-5 62,-10 62,-3 43,14 62,-2 62,-9 62,-3 31,28 62,-9 50,6 62,-7 62,-6 62,-1 62,-9 62,-5 62,-4 62,-1 62,-1 62,-17 62,-3 53,1 62,-2 62,-1 62,-4 62,-10 55,3 62,-7 62,-4 62,-5 62,-8 62,-9 62,-10 62,-2 62,-2 62,-7 62,-3 61,-9 62,-1 62,-6 62,-3 62,-5 62,-6 62,-9 59,-1 49,8 
62,-2 62,-8 34,16 62,-7 62,-3 62,-6 62,-12 57,-7 62,-3 62,-12 62,-10 62,-2 62,-2 55,0 62,-9 62,-5 62,-10 62,-3 62,-5 62,-2 62,-9 62,-3 62,-3 62,-9 62,-6 53,2 62,-6 37,24 62,-9 62,-5 62,-4 62,-1 62,-1 50,-5 62,-3 62,-8 62,-2 62,-1 50,8 62,-10 62,-4 62,-7 62,-4 62,-5 55,-1 62,-9 62,-10 62,-2 61,-1 62,-7 62,-3 62,-10 62,-1 59,-3 62,-3 62,-5 62,-6 62,-9 62,-4 62,-5 
34,26 62,-8 62,-12 62,-7 62,-3 62,-6 57,-7 62,-12 62,-3 62,-12 62,-10 62,-2 62,-2 62,-7 62,-9 62,-5 62,-10 62,-3 62,-5 62,-2 62,-9 62,-3 62,-3 62,-9 62,-6 62,-7 53,3 62,-1 37,16 62,-5 62,-4 62,-1 62,-1 62,-17 62,-3 62,-8 50,10 62,-1 62,-4 62,-10 62,-4 50,5 62,-4 55,2 62,-8 62,-9 62,-10 62,-2 62,-2 62,-7 61,-2 62,-10 55,6 62,-6 59,0 62,-5 62,-6 62,-9 62,-4 62,-5 
