21
1
1
126
13|14|15|17|18|19|20|21|22|24|25|26|28|30|44|50|51|52|55|57|67|68|69|73|82|83|84|85|87|98|99|100|101|102|103|104|105|106|111|112|130|131|135|143|148|149|150|154|155|156|163|165|166|168|169|171|172|173|175|176|177|178|179|180|182|183|185|186|187|190|207|215|219|225|227|236|237|238|239|240|241|242|243|244|245|246|247|248|249|252|254|256|268|269|270|272|273|277|278|279|280|281|299|300|301|302|303|304|305|306|307|308|309|313|314|384|386|387|404|405|406|408|417|419|420|421
26,7 34,-1 34,-9 34,-5 34,-2 34,-8 34,-3 34,-7 34,-3 24,0 34,-2 34,-2 34,-10 34,-6 34,-10 34,-6 34,-1 34,-6 34,-7 27,-2 34,-3 34,-8 34,-7 34,-2 34,-5 34,-9 34,-10 34,-6 34,-7 34,-3 34,-7 34,-3 34,-6 34,-9 34,-3 34,-8 34,-2 34,-1 34,-6 34,-2 34,-16 34,-9 34,-3 25,-1 34,-7 34,-6 34,-20 34,-16 34,-18 34,-19 34,-6 34,-1 34,-1 34,-17 34,-8 34,-14 34,-10 34,-11 34,-6 34,-9 34,-9 34,-10 34,-13 34,-11 34,-10 34,-21 34,-11 34,-11 34,-18 34,-16 34,-7 34,-23 34,-17 34,-11 34,-11 34,-10 34,-4 34,-10 34,-2 34,-11 34,-16 34,-13 34,-15 23,-14 34,-17 34,-19 34,-19 34,-17 34,-16 34,-12 34,-12 34,-12 34,-20 34,-16 34,-9 34,-3 34,-4 34,-1 34,-2 34,-5 34,-14 34,-18 34,-13 34,-16 34,-7 34,-13 34,-12 34,-16 34,-10 34,-8 15,4 34,-16 34,-15 34,-3 34,-10 34,-18 34,-1 34,-14 34,-3 34,-3 34,-7 34,-9 34,-6 34,-16 34,-12 34,-8 
34,-1 23,10 34,-9 34,-5 34,-2 34,-8 34,-3 34,-7 34,-3 34,-10 34,-2 34,-2 34,-10 34,-6 34,-10 34,-6 34,-1 34,-6 34,-7 34,-9 34,-3 34,-8 34,-7 34,-2 34,-5 15,10 34,-10 34,-6 34,-7 34,-3 34,-7 34,-3 34,-6 34,-9 34,-3 34,-8 34,-2 34,-1 34,-6 26,6 34,-16 34,-9 34,-3 34,-10 34,-7 34,-6 34,-20 34,-16 34,-18 34,-19 34,-6 34,-1 34,-1 34,-17 34,-8 34,-14 34,-10 34,-11 34,-6 34,-9 34,-9 34,-10 34,-13 34,-11 34,-10 34,-21 34,-11 34,-11 34,-18 34,-16 34,-7 34,-23 34,-17 34,-11 34,-11 34,-10 34,-4 34,-10 34,-2 34,-11 34,-16 34,-13 12,7 34,-25 34,-17 34,-19 34,-19 17,0 34,-16 34,-12 34,-12 34,-12 34,-20 34,-16 34,-9 34,-3 34,-4 34,-1 34,-2 34,-5 34,-14 34,-18 34,-13 34,-16 34,-7 34,-13 34,-12 34,-16 34,-10 34,-8 34,-15 34,-16 34,-15 34,-3 34,-10 34,-18 34,-1 34,-14 34,-3 34,-3 34,-7 34,-9 34,-6 34,-16 34,-12 27,-1 
34,-1 34,-1 26,-1 34,-5 34,-2 34,-8 34,-3 34,-7 34,-3 34,-10 34,-2 34,-2 34,-10 34,-6 34,-10 34,-6 34,-1 34,-6 27,0 34,-9 34,-3 34,-8 34,-7 34,-2 34,-5 34,-9 34,-10 34,-6 24,3 34,-3 34,-7 34,-3 34,-6 34,-9 34,-3 34,-8 34,-2 34,-1 34,-6 34,-2 34,-16 34,-9 34,-3 34,-10 34,-7 34,-6 34,-20 34,-16 34,-18 34,-19 34,-6 34,-1 34,-1 34,-17 34,-8 34,-14 34,-10 34,-11 34,-6 34,-9 34,-9 34,-10 34,-13 34,-11 34,-10 34,-21 34,-11 34,-11 34,-18 34,-16 25,2 34,-23 34,-17 34,-11 34,-11 34,-10 34,-4 34,-10 34,-2 34,-11 34,-16 34,-13 34,-15 34,-25 34,-17 23,-8 34,-19 34,-17 34,-16 34,-12 34,-12 34,-12 34,-20 34,-16 34,-9 34,-3 34,-4 34,-1 34,-2 34,-5 34,-14 34,-18 34,-13 34,-16 34,-7 34,-13 34,-12 34,-16 18,6 34,-8 34,-15 34,-16 34,-15 34,-3 34,-10 34,-18 34,-1 34,-14 34,-3 34,-3 34,-7 34,-9 34,-6 34,-16 34,-12 34,-8 
34,-1 34,-1 34,-9 23,6 34,-2 34,-8 34,-3 34,-7 34,-3 34,-10 34,-2 34,-2 34,-10 34,-6 34,-10 34,-6 34,-1 34,-6 34,-7 34,-9 34,-3 34,-8 34,-7 34,-2 15,14 34,-9 34,-10 34,-6 34,-7 34,-3 34,-7 34,-3 34,-6 34,-9 34,-3 34,-8 34,-2 34,-1 34,-6 34,-2 26,-8 34,-9 34,-3 34,-10 34,-7 34,-6 34,-20 34,-16 34,-18 34,-19 34,-6 34,-1 34,-1 34,-17 34,-8 34,-14 34,-10 34,-11 34,-6 34,-9 34,-9 34,-10 34,-13 34,-11 34,-10 34,-21 34,-11 34,-11 34,-18 34,-16 34,-7 34,-23 34,-17 34,-11 34,-11 34,-10 34,-4 34,-10 34,-2 34,-11 12,6 34,-13 34,-15 34,-25 34,-17 34,-19 34,-19 34,-17 17,1 34,-12 34,-12 34,-12 34,-20 34,-16 34,-9 34,-3 34,-4 34,-1 34,-2 34,-5 34,-14 34,-18 34,-13 34,-16 34,-7 34,-13 34,-12 34,-16 34,-10 34,-8 34,-15 34,-16 34,-15 34,-3 34,-10 34,-18 34,-1 34,-14 34,-3 34,-3 34,-7 34,-9 33,-5 34,-16 34,-12 34,-8 
34,-1 34,-1 34,-9 34,-5 23,9 34,-8 34,-3 34,-7 34,-3 34,-10 34,-2 34,-2 34,-10 34,-6 34,-10 34,-6 34,-1 34,-6 34,-7 34,-9 34,-3 17,9 34,-7 34,-2 34,-5 34,-9 34,-10 34,-6 34,-7 34,-3 34,-7 34,-3 34,-6 34,-9 34,-3 34,-8 34,-2 34,-1 34,-6 34,-2 34,-16 34,-9 34,-3 34,-10 34,-7 34,-6 34,-20 34,-16 34,-18 15,0 34,-6 34,-1 34,-1 34,-17 34,-8 34,-14 34,-10 34,-11 34,-6 34,-9 34,-9 34,-10 34,-13 34,-11 34,-10 34,-21 34,-11 34,-11 34,-18 34,-16 34,-7 34,-23 34,-17 34,-11 34,-11 34,-10 34,-4 34,-10 34,-2 12,11 34,-16 34,-13 34,-15 34,-25 34,-17 34,-19 34,-19 34,-17 34,-16 34,-12 34,-12 34,-12 34,-20 34,-16 34,-9 34,-3 34,-4 34,-1 34,-2 34,-5 34,-14 34,-18 34,-13 34,-16 34,-7 34,-13 34,-12 34,-16 34,-10 34,-8 34,-15 34,-16 34,-15 34,-3 26,-2 34,-18 34,-1 34,-14 34,-3 34,-3 34,-7 27,-2 34,-6 34,-16 34,-12 34,-8 
34,-1 34,-1 34,-9 34,-5 34,-2 24,2 34,-3 34,-7 34,-3 34,-10 34,-2 34,-2 34,-10 34,-6 34,-10 34,-6 34,-1 34,-6 34,-7 34,-9 34,-3 34,-8 34,-7 34,-2 34,-5 34,-9 34,-10 34,-6 34,-7 34,-3 34,-7 34,-3 34,-6 34,-9 34,-3 34,-8 34,-2 34,-1 34,-6 34,-2 34,-16 34,-9 34,-3 34,-10 34,-7 34,-6 34,-20 34,-16 34,-18 34,-19 34,-6 34,-1 34,-1 34,-17 34,-8 34,-14 34,-10 34,-11 34,-6 34,-9 34,-9 34,-10 34,-13 34,-11 26,-2 34,-21 34,-11 34,-11 34,-18 34,-16 34,-7 34,-23 34,-17 34,-11 34,-11 34,-10 34,-4 34,-10 34,-2 34,-11 34,-16 23,-2 34,-15 34,-25 34,-17 34,-19 34,-19 34,-17 34,-16 34,-12 34,-12 25,-3 34,-20 34,-16 34,-9 34,-3 34,-4 34,-1 34,-2 34,-5 34,-14 34,-18 20,1 34,-16 34,-7 34,-13 34,-12 34,-16 34,-10 34,-8 34,-15 34,-16 34,-15 34,-3 34,-10 34,-18 34,-1 34,-14 34,-3 34,-3 34,-7 34,-9 34,-6 34,-16 23,-1 34,-8 
34,-1 34,-1 34,-9 34,-5 34,-2 34,-8 24,7 34,-7 34,-3 34,-10 34,-2 34,-2 34,-10 34,-6 34,-10 34,-6 34,-1 34,-6 34,-7 34,-9 34,-3 34,-8 34,-7 34,-2 34,-5 34,-9 34,-10 34,-6 34,-7 34,-3 34,-7 34,-3 34,-6 34,-9 34,-3 34,-8 34,-2 34,-1 34,-6 34,-2 34,-16 34,-9 34,-3 34,-10 27,0 34,-6 34,-20 34,-16 34,-18 34,-19 34,-6 34,-1 34,-1 34,-17 34,-8 34,-14 34,-10 34,-11 34,-6 34,-9 34,-9 34,-10 34,-13 34,-11 34,-10 34,-21 34,-11 34,-11 34,-18 34,-16 34,-7 34,-23 34,-17 34,-11 34,-11 34,-10 34,-4 34,-10 34,-2 34,-11 34,-16 34,-13 34,-15 34,-25 34,-17 34,-19 23,-8 34,-17 34,-16 34,-12 34,-12 34,-12 34,-20 34,-16 34,-9 22,9 34,-4 34,-1 34,-2 34,-5 34,-14 34,-18 34,-13 34,-16 34,-7 34,-13 22,0 34,-16 34,-10 34,-8 34,-15 34,-16 34,-15 34,-3 34,-10 25,-9 34,-1 34,-14 34,-3 34,-3 34,-7 34,-9 34,-6 34,-16 34,-12 34,-8 
34,-1 34,-1 34,-9 34,-5 34,-2 34,-8 34,-3 17,10 34,-3 34,-10 34,-2 34,-2 34,-10 34,-6 34,-10 34,-6 34,-1 34,-6 34,-7 34,-9 34,-3 34,-8 34,-7 34,-2 34,-5 34,-9 34,-10 34,-6 34,-7 34,-3 34,-7 25,6 34,-6 34,-9 34,-3 34,-8 34,-2 34,-1 34,-6 34,-2 34,-16 26,-1 34,-3 34,-10 34,-7 34,-6 34,-20 34,-16 34,-18 34,-19 34,-6 34,-1 34,-1 34,-17 15,11 34,-14 34,-10 34,-11 34,-6 34,-9 34,-9 34,-10 34,-13 27,-4 34,-10 34,-21 34,-11 34,-11 34,-18 34,-16 34,-7 34,-23 25,-8 34,-11 34,-11 34,-10 34,-4 34,-10 34,-2 34,-11 34,-16 34,-13 34,-15 34,-25 34,-17 34,-19 34,-19 34,-17 34,-16 34,-12 34,-12 34,-12 34,-20 34,-16 34,-9 34,-3 34,-4 34,-1 34,-2 34,-5 34,-14 34,-18 34,-13 34,-16 34,-7 34,-13 34,-12 34,-16 34,-10 34,-8 34,-15 34,-16 34,-15 34,-3 34,-10 34,-18 34,-1 34,-14 34,-3 34,-3 34,-7 34,-9 34,-6 34,-16 34,-12 34,-8 
34,-1 34,-1 34,-9 34,-5 34,-2 34,-8 34,-3 34,-7 14,17 34,-10 34,-2 34,-2 34,-10 34,-6 34,-10 34,-6 34,-1 34,-6 34,-7 34,-9 34,-3 34,-8 34,-7 34,-2 34,-5 34,-9 34,-10 34,-6 34,-7 34,-3 19,8 34,-3 34,-6 34,-9 34,-3 34,-8 34,-2 34,-1 26,2 34,-2 34,-16 34,-9 22,9 34,-10 34,-7 34,-6 34,-20 34,-16 34,-18 34,-19 34,-6 34,-1 9,24 34,-17 34,-8 34,-14 34,-10 34,-11 34,-6 34,-9 34,-9 34,-10 34,-13 34,-11 34,-10 34,-21 34,-11 34,-11 34,-18 34,-16 34,-7 34,-23 34,-17 34,-11 34,-11 34,-10 34,-4 34,-10 34,-2 34,-11 34,-16 34,-13 34,-15 34,-25 34,-17 34,-19 34,-19 34,-17 34,-16 34,-12 34,-12 34,-12 34,-20 34,-16 34,-9 34,-3 34,-4 34,-1 34,-2 34,-5 27,-7 34,-18 34,-13 34,-16 34,-7 34,-13 34,-12 34,-16 34,-10 34,-8 34,-15 34,-16 34,-15 34,-3 34,-10 34,-18 34,-1 34,-14 34,-3 34,-3 34,-7 34,-9 34,-6 34,-16 34,-12 34,-8 
34,-1 34,-1 34,-9 34,-5 34,-2 34,-8 34,-3 34,-7 34,-3 34,-10 24,8 34,-2 34,-10 34,-6 34,-10 34,-6 34,-1 34,-6 34,-7 34,-9 34,-3 34,-8 34,-7 34,-2 34,-5 34,-9 34,-10 34,-6 34,-7 34,-3 34,-7 34,-3 34,-6 34,-9 34,-3 34,-8 34,-2 34,-1 34,-6 34,-2 34,-16 34,-9 34,-3 34,-10 34,-7 34,-6 34,-20 34,-16 34,-18 34,-19 34,-6 34,-1 34,-1 34,-17 34,-8 34,-14 34,-10 34,-11 34,-6 34,-9 34,-9 34,-10 34,-13 34,-11 34,-10 26,-13 34,-11 34,-11 34,-18 34,-16 34,-7 34,-23 34,-17 34,-11 25,-2 34,-10 34,-4 34,-10 34,-2 34,-11 34,-16 34,-13 34,-15 34,-25 23,-6 34,-19 34,-19 34,-17 34,-16 34,-12 34,-12 34,-12 34,-20 34,-16 34,-9 34,-3 34,-4 34,-1 34,-2 34,-5 34,-14 34,-18 34,-13 34,-16 34,-7 34,-13 34,-12 18,0 34,-10 34,-8 34,-15 34,-16 34,-15 34,-3 34,-10 34,-18 34,-1 34,-14 34,-3 34,-3 23,4 34,-9 34,-6 34,-16 34,-12 34,-8 
34,-1 34,-1 34,-9 34,-5 34,-2 34,-8 34,-3 34,-7 34,-3 34,-10 34,-2 21,11 34,-10 34,-6 34,-10 34,-6 34,-1 34,-6 34,-7 34,-9 34,-3 34,-8 34,-7 25,7 34,-5 34,-9 34,-10 34,-6 34,-7 19,12 34,-7 34,-3 34,-6 34,-9 34,-3 34,-8 34,-2 34,-1 34,-6 34,-2 34,-16 34,-9 34,-3 34,-10 34,-7 34,-6 34,-20 34,-16 34,-18 34,-19 26,2 34,-1 34,-1 34,-17 34,-8 34,-14 34,-10 34,-11 34,-6 34,-9 34,-9 34,-10 27,-6 34,-11 34,-10 34,-21 34,-11 34,-11 34,-18 34,-16 34,-7 34,-23 34,-17 34,-11 34,-11 34,-10 34,-4 34,-10 34,-2 34,-11 34,-16 34,-13 34,-15 34,-25 34,-17 34,-19 34,-19 34,-17 34,-16 34,-12 34,-12 34,-12 34,-20 34,-16 34,-9 34,-3 34,-4 34,-1 34,-2 34,-5 34,-14 34,-18 34,-13 26,-8 34,-7 34,-13 34,-12 34,-16 34,-10 34,-8 34,-15 34,-16 34,-15 34,-3 34,-10 34,-18 34,-1 34,-14 34,-3 34,-3 34,-7 34,-9 34,-6 34,-16 34,-12 34,-8 
34,-1 34,-1 34,-9 34,-5 34,-2 34,-8 34,-3 34,-7 34,-3 34,-10 34,-2 34,-2 14,10 34,-6 34,-10 34,-6 34,-1 34,-6 34,-7 34,-9 34,-3 34,-8 34,-7 34,-2 34,-5 34,-9 34,-10 34,-6 34,-7 34,-3 34,-7 34,-3 34,-6 34,-9 34,-3 34,-8 34,-2 25,8 34,-6 34,-2 34,-16 34,-9 34,-3 34,-10 34,-7 34,-6 26,-12 34,-16 34,-18 34,-19 34,-6 34,-1 34,-1 34,-17 34,-8 34,-14 15,9 34,-11 34,-6 34,-9 34,-9 34,-10 34,-13 34,-11 34,-10 34,-21 34,-11 34,-11 34,-18 34,-16 34,-7 34,-23 34,-17 22,1 34,-11 34,-10 34,-4 34,-10 34,-2 34,-11 34,-16 34,-13 34,-15 34,-25 34,-17 34,-19 34,-19 34,-17 34,-16 34,-12 34,-12 34,-12 34,-20 34,-16 34,-9 34,-3 34,-4 34,-1 27,5 34,-5 34,-14 34,-18 34,-13 34,-16 34,-7 34,-13 34,-12 34,-16 34,-10 34,-8 34,-15 34,-16 34,-15 34,-3 34,-10 34,-18 34,-1 34,-14 34,-3 34,-3 34,-7 34,-9 34,-6 34,-16 34,-12 34,-8 
34,-1 34,-2 34,-10 34,-6 34,-3 34,-9 34,-4 34,-8 34,-4 34,-11 34,-3 34,-3 34,-11 18,9 34,-11 34,-7 34,-2 34,-7 34,-8 34,-10 34,-4 34,-9 34,-8 34,-3 34,-6 34,-10 34,-11 34,-7 34,-8 34,-4 34,-8 34,-4 34,-7 34,-10 25,5 34,-9 34,-3 34,-2 34,-7 34,-3 34,-16 34,-9 34,-3 34,-11 34,-8 34,-7 34,-21 34,-17 34,-19 34,-20 34,-7 14,18 34,-2 34,-18 34,-9 34,-15 34,-11 34,-12 34,-7 34,-10 26,-2 34,-11 34,-14 34,-12 34,-11 34,-22 34,-12 34,-12 34,-19 34,-17 34,-8 34,-24 34,-18 34,-12 34,-12 34,-11 34,-5 34,-11 34,-3 34,-12 34,-17 34,-14 34,-16 34,-26 34,-18 34,-20 34,-20 34,-18 34,-17 34,-13 22,-1 34,-13 34,-21 34,-17 34,-10 34,-4 34,-5 34,-2 34,-3 34,-6 34,-15 27,-12 34,-14 34,-17 34,-8 34,-14 34,-13 34,-17 34,-11 34,-9 34,-16 34,-17 34,-16 34,-3 34,-11 34,-19 34,-2 34,-15 34,-4 34,-4 34,-8 34,-10 34,-7 34,-17 34,-13 34,-9 
34,-2 34,-1 34,-10 34,-6 34,-3 34,-9 34,-4 34,-8 34,-4 34,-11 34,-3 34,-3 34,-11 34,-7 17,6 34,-7 34,-2 34,-7 34,-8 34,-10 34,-4 34,-9 34,-8 34,-3 34,-6 34,-10 15,8 34,-7 34,-8 34,-4 34,-8 34,-4 34,-7 34,-10 34,-4 34,-9 34,-3 34,-2 34,-7 34,-3 34,-17 34,-10 34,-4 34,-10 34,-7 34,-6 34,-21 34,-17 34,-19 34,-20 34,-7 34,-2 34,-2 34,-18 34,-9 34,-15 34,-11 34,-12 34,-7 34,-10 34,-10 27,-4 34,-14 34,-12 34,-11 34,-22 34,-12 34,-12 34,-19 34,-17 34,-8 34,-24 34,-18 34,-12 34,-12 12,11 34,-5 34,-11 34,-3 34,-12 34,-17 34,-14 34,-16 34,-26 34,-18 34,-20 34,-20 34,-18 34,-17 34,-13 34,-13 34,-13 34,-21 34,-17 34,-10 34,-4 23,6 34,-2 34,-3 34,-6 34,-15 34,-19 34,-14 34,-17 34,-8 34,-14 34,-13 34,-17 34,-11 34,-9 34,-16 34,-17 33,-15 34,-4 34,-10 34,-19 34,-2 34,-15 34,-4 34,-4 34,-8 34,-10 34,-7 34,-17 34,-13 34,-9 
34,-10 34,-10 34,-9 34,-14 34,-11 34,-17 34,-12 34,-16 34,-12 34,-19 34,-11 34,-11 34,-19 34,-15 34,-19 14,5 34,-10 34,-15 34,-16 34,-18 34,-12 34,-17 34,-16 34,-11 34,-14 34,-18 34,-19 34,-15 34,-16 34,-12 34,-16 34,-12 34,-15 34,-18 34,-12 19,-2 34,-11 34,-10 34,-15 34,-11 34,-25 34,-18 34,-12 34,-19 34,-16 34,-15 34,-20 34,-16 34,-18 34,-19 34,-15 34,-10 34,-10 7,1 34,-17 34,-23 34,-19 34,-20 34,-15 34,-18 34,-18 34,-19 34,-22 34,-20 34,-19 34,-30 34,-20 34,-20 18,-11 34,-25 34,-16 34,-23 34,-26 34,-20 34,-20 34,-19 34,-13 34,-19 34,-11 34,-20 34,-25 34,-22 34,-24 34,-34 34,-26 34,-28 34,-28 34,-26 34,-25 34,-21 34,-21 34,-21 34,-29 34,-25 34,-18 34,-12 34,-13 27,-3 34,-11 34,-14 34,-23 34,-27 34,-22 34,-25 34,-16 34,-22 34,-21 34,-25 34,-19 34,-17 34,-24 34,-25 34,-24 26,-4 34,-19 34,-27 34,-10 34,-23 34,-12 34,-12 34,-16 34,-18 34,-15 34,-25 34,-21 34,-17 
34,-1 34,-1 34,-9 34,-5 34,-2 34,-8 34,-3 34,-7 34,-3 34,-10 34,-2 34,-2 34,-10 34,-6 34,-10 34,-6 25,8 34,-6 34,-7 34,-9 34,-3 34,-8 34,-7 34,-2 34,-5 34,-9 34,-10 34,-6 34,-7 34,-3 34,-7 34,-3 34,-6 34,-9 34,-3 34,-8 34,-2 34,-1 34,-6 34,-2 34,-16 34,-9 34,-3 34,-10 34,-7 34,-6 34,-20 34,-16 24,-8 34,-19 34,-6 34,-1 34,-1 34,-17 34,-8 34,-14 34,-10 34,-11 34,-6 34,-9 34,-9 34,-10 34,-13 34,-11 34,-10 34,-21 34,-11 34,-11 34,-18 34,-16 34,-7 34,-23 34,-17 34,-11 34,-11 34,-10 34,-4 34,-10 19,13 34,-11 34,-16 34,-13 34,-15 34,-25 34,-17 34,-19 34,-19 34,-17 34,-16 34,-12 34,-12 34,-12 34,-20 26,-8 34,-9 34,-3 34,-4 34,-1 34,-2 34,-5 34,-14 34,-18 34,-13 34,-16 26,1 34,-13 34,-12 34,-16 34,-10 34,-8 34,-15 34,-16 34,-15 34,-3 34,-10 34,-18 34,-1 34,-14 34,-3 27,4 34,-7 34,-9 34,-6 34,-16 34,-12 34,-8 
34,-6 34,-6 34,-14 34,-5 34,-7 34,-13 34,-8 34,-12 34,-8 34,-15 34,-7 34,-7 34,-15 34,-11 34,-15 34,-11 34,-6 17,6 34,-12 34,-14 34,-8 34,-13 34,-12 34,-7 34,-10 34,-14 34,-15 15,8 34,-12 34,-8 34,-12 34,-8 34,-11 34,-14 34,-8 34,-13 34,-7 34,-6 34,-11 34,-7 34,-21 34,-14 34,-8 34,-15 34,-12 26,-3 34,-25 34,-21 34,-23 34,-24 34,-11 34,-6 34,-6 34,-22 34,-13 34,-14 34,-10 34,-11 34,-6 34,-9 34,-9 34,-10 34,-13 34,-16 34,-15 34,-26 34,-16 34,-16 34,-23 34,-21 34,-12 34,-28 34,-22 34,-16 34,-16 34,-15 12,13 34,-15 34,-7 34,-16 34,-21 34,-18 34,-20 34,-30 34,-22 34,-24 34,-24 34,-22 34,-21 34,-17 34,-17 34,-17 34,-25 34,-21 23,-3 34,-8 34,-9 34,-6 34,-7 34,-10 34,-19 34,-23 34,-18 34,-21 34,-12 34,-18 34,-17 34,-21 34,-15 34,-13 34,-20 34,-21 34,-20 34,-8 34,-15 34,-23 34,-6 34,-19 34,-8 34,-8 34,-12 34,-14 34,-6 33,-20 34,-17 34,-13 
34,-3 34,-3 34,-11 34,-7 34,-2 34,-10 34,-5 34,-9 34,-5 34,-12 34,-4 34,-4 34,-12 34,-8 34,-12 34,-8 34,-3 34,-8 34,-9 34,-11 14,15 34,-10 34,-9 34,-4 34,-7 34,-11 34,-12 34,-8 34,-9 34,-5 34,-9 34,-5 19,7 34,-11 34,-5 34,-10 34,-4 34,-3 34,-8 34,-4 34,-18 34,-11 34,-5 34,-12 34,-9 34,-8 34,-22 34,-18 34,-20 34,-21 34,-8 34,-3 34,-3 34,-19 34,-10 34,-16 34,-12 34,-13 7,19 34,-11 34,-11 34,-12 34,-15 34,-11 34,-10 34,-21 18,5 34,-11 34,-18 34,-18 34,-9 34,-25 34,-19 34,-13 34,-13 34,-12 34,-6 34,-12 34,-4 34,-13 34,-18 34,-15 34,-17 34,-27 34,-19 34,-21 34,-21 34,-19 34,-18 34,-14 34,-14 34,-14 34,-22 34,-18 34,-11 34,-5 34,-6 34,-3 34,-4 34,-7 34,-16 34,-20 34,-15 34,-18 34,-9 34,-15 34,-14 34,-18 34,-12 34,-10 34,-17 26,-10 34,-17 34,-5 34,-12 34,-20 34,-3 27,-9 34,-5 34,-5 34,-9 34,-11 34,-8 34,-18 34,-14 34,-10 
34,-9 34,-9 34,-17 34,-13 34,-10 34,-8 34,-11 34,-15 34,-11 34,-18 34,-10 34,-10 34,-18 34,-14 34,-18 34,-14 34,-9 34,-14 34,-15 34,-17 34,-11 34,-16 22,-3 34,-10 34,-13 34,-17 34,-18 34,-14 34,-15 34,-11 34,-15 34,-11 34,-14 19,-2 34,-11 34,-16 34,-10 34,-9 34,-14 34,-10 34,-24 34,-17 34,-11 34,-18 34,-15 34,-14 34,-28 34,-24 34,-26 34,-27 34,-14 34,-9 34,-9 34,-25 34,-16 34,-22 34,-18 25,-10 34,-14 34,-17 34,-17 34,-18 34,-21 34,-19 34,-18 34,-29 34,-19 18,-3 34,-26 34,-16 34,-15 34,-31 34,-17 34,-19 34,-19 34,-18 34,-12 34,-18 34,-10 34,-19 34,-24 34,-21 34,-23 34,-33 34,-25 34,-27 34,-27 34,-25 34,-24 34,-20 34,-20 34,-20 34,-28 34,-24 34,-17 34,-11 34,-12 34,-9 34,-10 34,-13 34,-22 34,-26 34,-21 34,-24 34,-15 26,-13 34,-20 34,-24 34,-18 34,-16 34,-23 34,-24 34,-23 34,-11 34,-18 34,-26 27,-2 34,-22 34,-11 34,-11 34,-15 34,-17 34,-14 34,-16 34,-20 34,-16 
34,-4 34,-4 34,-12 34,-8 34,-5 34,-11 34,-3 34,-10 34,-6 34,-13 34,-5 34,-5 34,-13 34,-9 34,-13 34,-9 34,-4 34,-9 34,-10 34,-12 34,-6 34,-11 34,-10 34,-5 34,-8 34,-12 34,-13 34,-9 34,-10 34,-6 34,-10 34,-6 34,-9 34,-12 34,-6 34,-11 25,4 34,-4 34,-9 34,-5 34,-19 34,-12 34,-6 34,-13 34,-10 34,-9 34,-23 34,-19 34,-21 34,-22 34,-9 34,-4 34,-4 34,-20 34,-11 13,4 34,-13 34,-14 34,-9 26,-4 34,-12 34,-13 34,-16 34,-14 34,-13 34,-24 34,-14 34,-14 34,-21 18,-3 34,-7 34,-26 34,-20 34,-14 34,-14 34,-13 34,-7 34,-13 34,-5 34,-14 34,-19 34,-16 34,-18 34,-28 34,-20 34,-22 34,-22 34,-20 34,-19 14,5 34,-15 34,-15 34,-23 34,-19 34,-12 34,-6 34,-7 34,-4 34,-5 27,-1 34,-17 34,-21 34,-16 34,-19 34,-10 34,-16 34,-15 34,-19 34,-13 34,-11 34,-18 34,-19 34,-18 34,-6 34,-13 34,-21 34,-4 34,-17 34,-6 34,-6 34,-10 34,-12 34,-9 34,-19 34,-12 34,-11 
34,-8 34,-8 34,-16 34,-12 34,-9 34,-15 34,-10 34,-7 34,-10 34,-17 34,-9 34,-9 34,-17 34,-13 34,-17 34,-13 34,-8 34,-13 34,-14 34,-16 34,-10 34,-15 34,-14 34,-9 34,-12 34,-16 34,-17 34,-13 34,-14 34,-10 34,-14 34,-10 34,-13 34,-16 34,-10 34,-15 34,-9 34,-8 34,-13 34,-9 34,-23 34,-16 34,-10 34,-17 34,-14 34,-13 34,-27 24,-13 34,-25 34,-26 34,-13 34,-8 34,-8 34,-24 34,-15 34,-21 34,-17 34,-18 34,-13 34,-16 34,-16 34,-17 34,-20 34,-18 34,-17 34,-28 34,-18 34,-18 34,-25 34,-23 34,-14 25,-14 34,-17 34,-18 34,-18 34,-17 34,-11 23,-6 34,-9 34,-18 34,-23 34,-20 34,-22 34,-32 34,-24 34,-26 34,-26 34,-24 34,-23 34,-19 34,-19 34,-19 26,-19 34,-23 34,-16 34,-10 34,-11 34,-8 34,-9 34,-12 34,-21 34,-25 34,-20 34,-23 34,-14 34,-20 34,-19 34,-23 34,-17 18,1 34,-22 34,-23 34,-22 34,-10 34,-17 34,-25 34,-8 34,-21 27,-3 34,-10 34,-14 34,-16 34,-13 34,-23 34,-19 34,-8 
