16
1
1
96
18|19|20|21|22|23|24|25|26|27|28|29|30|57|67|85|87|98|99|100|101|102|103|104|105|106|112|130|131|133|134|135|140|141|143|147|148|149|150|161|162|163|166|171|172|173|174|175|176|177|178|179|180|182|183|204|209|236|237|238|239|240|241|242|243|244|245|246|247|251|264|265|266|274|278|279|301|302|303|304|305|306|307|322|326|378|379|380|381|382|383|406|409|417|418|420
59,-5 59,-8 59,-2 59,-5 59,-1 59,-4 21,34 59,-5 59,-10 59,-6 59,-3 59,-9 59,-9 59,-3 59,-2 59,-3 59,-9 59,-6 45,11 59,-9 59,-5 59,-3 59,-8 59,-3 59,-1 59,-2 59,-1 51,-6 59,-1 59,-1 59,-8 59,-2 59,-10 59,-7 59,-10 59,-7 59,-5 59,-1 59,-6 59,-9 18,40 59,-4 59,-2 59,-2 59,-7 59,-4 59,-7 59,-1 59,-9 59,-3 59,-1 47,7 59,-13 59,-9 59,-14 59,-7 59,-10 59,-14 59,-12 59,-6 59,-7 59,-11 59,-6 59,-10 59,-8 59,-5 59,-9 59,-14 59,-11 59,-8 59,-17 59,-19 59,-13 59,-16 59,-11 59,-8 59,-10 59,-14 59,-18 59,-16 59,-11 59,-18 59,-12 59,-7 59,-13 59,-6 36,15 59,-4 59,-1 59,-10 59,-2 59,-4 59,-6 59,-9 59,-9 59,-7 
59,-5 59,-8 59,-2 59,-5 59,-1 59,-4 59,-4 59,-5 59,-10 59,-6 59,-3 59,-9 40,10 59,-3 59,-2 59,-3 59,-9 59,-6 59,-3 43,7 59,-5 59,-3 59,-8 59,-3 59,-1 59,-2 51,7 59,-14 59,-1 59,-1 59,-8 59,-2 59,-10 59,-7 59,-10 59,-7 59,-5 59,-1 59,-6 30,20 59,-1 59,-4 59,-2 59,-2 59,-7 59,-4 59,-7 59,-1 59,-9 59,-3 59,-1 59,-5 59,-13 59,-9 59,-14 36,16 59,-10 59,-14 59,-12 59,-6 59,-7 59,-11 47,6 59,-10 59,-8 59,-5 59,-9 59,-14 59,-11 59,-8 59,-17 59,-19 59,-13 59,-16 59,-11 59,-8 59,-10 59,-14 59,-18 59,-16 59,-11 59,-18 59,-12 59,-7 59,-13 59,-6 59,-8 59,-4 59,-1 59,-10 59,-2 59,-4 59,-6 59,-9 59,-9 59,-7 
59,-5 59,-8 59,-2 59,-5 59,-1 59,-4 59,-4 40,14 59,-10 59,-6 59,-3 59,-9 59,-9 59,-3 59,-2 59,-3 59,-9 59,-6 59,-3 59,-9 59,-5 59,-3 59,-8 45,11 59,-1 59,-2 59,-1 59,-14 59,-1 59,-1 59,-8 59,-2 59,-10 59,-7 59,-10 59,-7 59,-5 59,-1 59,-6 59,-9 59,-1 32,23 59,-2 59,-2 59,-7 59,-4 59,-7 59,-1 59,-9 51,5 59,-1 59,-5 59,-13 59,-9 59,-14 59,-7 59,-10 59,-14 59,-12 59,-6 59,-7 59,-11 59,-6 59,-10 59,-8 59,-5 47,3 59,-14 59,-11 59,-8 59,-17 59,-19 59,-13 59,-16 59,-11 59,-8 59,-10 59,-14 59,-18 59,-16 59,-11 59,-18 59,-12 59,-7 59,-13 59,-6 59,-8 36,19 59,-1 59,-10 59,-2 59,-4 59,-6 59,-9 59,-9 59,-7 
59,-5 59,-8 59,-2 59,-5 59,-1 27,28 59,-4 59,-5 59,-10 59,-6 59,-3 59,-9 59,-9 59,-3 59,-2 59,-3 59,-9 59,-6 59,-3 59,-9 45,9 59,-3 59,-8 59,-3 59,-1 59,-2 59,-1 59,-14 59,-1 59,-1 59,-8 59,-2 59,-10 59,-7 59,-10 59,-7 51,3 59,-1 59,-6 59,-9 59,-1 59,-4 16,41 59,-2 59,-7 59,-4 59,-7 59,-1 59,-9 59,-3 59,-1 59,-5 47,-1 59,-9 59,-14 59,-7 59,-10 59,-14 59,-12 59,-6 59,-7 59,-11 59,-6 59,-10 59,-8 59,-5 59,-9 59,-14 59,-11 36,15 59,-17 59,-19 59,-13 59,-16 59,-11 59,-8 59,-10 59,-14 59,-18 59,-16 59,-11 59,-18 59,-12 59,-7 59,-13 59,-6 59,-8 59,-4 59,-1 59,-10 59,-2 59,-4 59,-6 59,-9 59,-9 59,-7 
59,-5 59,-8 59,-2 59,-5 59,-1 59,-4 59,-4 59,-5 59,-10 59,-6 59,-3 25,25 59,-9 59,-3 59,-2 59,-3 59,-9 59,-6 59,-3 59,-9 59,-5 59,-3 45,6 59,-3 59,-1 59,-2 59,-1 59,-14 59,-1 59,-1 59,-8 59,-2 59,-10 59,-7 59,-10 59,-7 59,-5 51,7 59,-6 59,-9 59,-1 59,-4 59,-2 18,39 59,-7 59,-4 59,-7 59,-1 59,-9 59,-3 59,-1 59,-5 59,-13 59,-9 59,-14 59,-7 59,-10 59,-14 59,-12 59,-6 59,-7 59,-11 59,-6 59,-10 59,-8 59,-5 59,-9 59,-14 59,-11 59,-8 59,-17 59,-19 59,-13 59,-16 59,-11 47,4 59,-10 59,-14 59,-18 59,-16 59,-11 59,-18 59,-12 59,-7 59,-13 40,13 59,-8 59,-4 59,-1 59,-10 59,-2 59,-4 59,-6 59,-9 59,-9 59,-7 
59,-5 59,-8 40,17 59,-5 59,-1 59,-4 59,-4 59,-5 59,-10 59,-6 59,-3 59,-9 59,-9 59,-3 59,-2 59,-3 59,-9 45,8 59,-3 59,-9 59,-5 59,-3 59,-8 59,-3 59,-1 59,-2 59,-1 59,-14 51,7 59,-1 59,-8 59,-2 59,-10 59,-7 59,-10 59,-7 59,-5 59,-1 59,-6 59,-9 59,-1 59,-4 59,-2 59,-2 32,20 59,-4 59,-7 59,-1 59,-9 59,-3 59,-1 59,-5 59,-13 59,-9 59,-14 59,-7 36,13 59,-14 59,-12 47,6 59,-7 59,-11 59,-6 59,-10 59,-8 59,-5 59,-9 59,-14 59,-11 59,-8 59,-17 59,-19 59,-13 59,-16 59,-11 59,-8 59,-10 59,-14 59,-18 59,-16 59,-11 59,-18 59,-12 59,-7 59,-13 59,-6 59,-8 59,-4 59,-1 59,-10 59,-2 59,-4 59,-6 59,-9 59,-9 59,-7 
59,-5 59,-8 59,-2 59,-5 59,-1 59,-4 59,-4 59,-5 59,-10 59,-6 59,-3 59,-9 59,-9 59,-3 59,-2 59,-3 59,-9 59,-6 59,-3 59,-9 59,-5 45,11 59,-8 59,-3 59,-1 59,-2 59,-1 59,-14 59,-1 59,-1 59,-8 59,-2 59,-10 59,-7 59,-10 59,-7 59,-5 59,-1 59,-6 59,-9 59,-1 59,-4 59,-2 59,-2 59,-7 59,-4 37,15 59,-1 59,-9 59,-3 51,7 59,-5 59,-13 59,-9 59,-14 59,-7 59,-10 59,-14 59,-12 59,-6 59,-7 32,16 59,-6 59,-10 59,-8 59,-5 59,-9 59,-14 59,-11 59,-8 59,-17 59,-19 59,-13 59,-16 59,-11 59,-8 59,-10 59,-14 59,-18 59,-16 59,-11 59,-18 59,-12 40,12 59,-13 59,-6 59,-8 59,-4 59,-1 32,17 59,-2 59,-4 59,-6 59,-9 59,-9 59,-7 
59,-5 59,-8 59,-2 59,-5 59,-1 59,-4 59,-4 59,-5 59,-10 59,-6 25,31 59,-9 59,-9 59,-3 59,-2 59,-3 59,-9 59,-6 59,-3 59,-9 59,-5 59,-3 59,-8 59,-3 59,-1 45,12 59,-1 59,-14 59,-1 59,-1 59,-8 59,-2 59,-10 59,-7 59,-10 59,-7 59,-5 59,-1 59,-6 59,-9 59,-1 59,-4 59,-2 59,-2 59,-7 59,-4 59,-7 18,40 51,-1 59,-3 59,-1 59,-5 59,-13 59,-9 59,-14 59,-7 59,-10 59,-14 59,-12 59,-6 59,-7 59,-11 59,-6 59,-10 59,-8 59,-5 59,-9 59,-14 59,-11 59,-8 59,-17 59,-19 59,-13 59,-16 47,1 59,-8 59,-10 59,-14 59,-18 59,-16 59,-11 59,-18 59,-12 59,-7 59,-13 59,-6 59,-8 59,-4 40,18 59,-10 59,-2 59,-4 59,-6 59,-9 59,-9 59,-7 
59,-5 59,-8 59,-2 59,-5 59,-1 59,-4 59,-4 59,-5 59,-10 59,-6 59,-3 59,-9 59,-9 59,-3 59,-2 59,-3 59,-9 59,-6 59,-3 59,-9 59,-5 59,-3 59,-8 59,-3 45,13 59,-2 59,-1 59,-14 59,-1 59,-1 59,-8 59,-2 59,-10 59,-7 59,-10 51,1 59,-5 59,-1 59,-6 59,-9 59,-1 59,-4 59,-2 59,-2 59,-7 37,18 59,-7 59,-1 59,-9 59,-3 59,-1 59,-5 59,-13 59,-9 59,-14 59,-7 59,-10 59,-14 59,-12 59,-6 59,-7 59,-11 59,-6 32,17 59,-8 59,-5 59,-9 59,-14 59,-11 59,-8 59,-17 59,-19 59,-13 59,-16 59,-11 59,-8 59,-10 59,-14 59,-18 59,-16 59,-11 59,-18 59,-12 59,-7 40,6 59,-6 59,-8 59,-4 59,-1 59,-10 32,25 59,-4 59,-6 59,-9 59,-9 59,-7 
37,17 59,-8 59,-2 59,-5 59,-1 59,-4 59,-4 59,-5 59,-10 59,-6 59,-3 59,-9 59,-9 59,-3 36,21 59,-3 44,6 59,-6 59,-3 59,-9 59,-5 59,-3 59,-8 59,-3 59,-1 59,-2 59,-1 59,-14 59,-1 59,-1 59,-8 59,-2 59,-10 59,-7 59,-10 59,-7 59,-5 59,-1 54,-1 59,-9 59,-1 59,-4 59,-2 59,-2 59,-7 59,-4 59,-7 59,-1 59,-9 59,-3 59,-1 59,-5 59,-13 59,-9 59,-14 59,-7 59,-10 59,-14 59,-12 59,-6 59,-7 59,-11 59,-6 59,-10 59,-8 59,-5 59,-9 11,34 59,-11 59,-8 59,-17 59,-19 59,-13 59,-16 59,-11 59,-8 59,-10 59,-14 59,-18 59,-16 56,-8 59,-18 59,-12 59,-7 59,-13 59,-6 59,-8 59,-4 59,-1 59,-10 59,-2 59,-4 59,-6 59,-9 59,-9 59,-7 
59,-5 59,-8 59,-2 59,-5 59,-1 59,-4 59,-4 59,-5 44,5 59,-6 59,-3 59,-9 59,-9 59,-3 59,-2 59,-3 59,-9 59,-6 59,-3 59,-9 59,-5 59,-3 59,-8 59,-3 59,-1 59,-2 59,-1 59,-14 59,-1 59,-1 59,-8 59,-2 36,13 59,-7 59,-10 59,-7 59,-5 59,-1 59,-6 59,-9 59,-1 59,-4 59,-2 59,-2 59,-7 59,-4 59,-7 59,-1 59,-9 59,-3 59,-1 59,-5 59,-13 59,-9 59,-14 59,-7 59,-10 59,-14 59,-12 59,-6 59,-7 59,-11 59,-6 59,-10 59,-8 59,-5 59,-9 59,-14 33,15 59,-8 59,-17 59,-19 48,-2 59,-16 59,-11 59,-8 59,-10 59,-14 59,-18 59,-16 59,-11 59,-18 27,20 59,-7 59,-13 59,-6 59,-8 59,-4 59,-1 59,-10 59,-2 59,-4 59,-6 59,-9 59,-9 43,9 
59,-5 59,-8 59,-2 59,-5 59,-1 59,-4 59,-4 59,-5 59,-10 44,9 59,-3 59,-9 59,-9 59,-3 59,-2 59,-3 59,-9 59,-6 59,-3 59,-9 59,-5 59,-3 59,-8 59,-3 59,-1 59,-2 59,-1 59,-14 59,-1 59,-1 59,-8 59,-2 59,-10 36,16 59,-10 59,-7 59,-5 59,-1 59,-6 59,-9 59,-1 59,-4 59,-2 59,-2 59,-7 59,-4 59,-7 59,-1 59,-9 59,-3 59,-1 59,-5 59,-13 59,-9 59,-14 59,-7 59,-10 59,-14 33,14 59,-6 59,-7 59,-11 59,-6 59,-10 59,-8 59,-5 59,-9 59,-14 59,-11 59,-8 59,-17 48,-8 59,-13 59,-16 59,-11 59,-8 59,-10 59,-14 59,-18 59,-16 59,-11 27,14 59,-12 59,-7 59,-13 59,-6 59,-8 59,-4 59,-1 59,-10 59,-2 43,12 59,-6 59,-9 59,-9 59,-7 
59,-5 44,7 59,-2 59,-5 59,-1 59,-4 59,-4 59,-5 59,-10 59,-6 59,-3 59,-9 59,-9 43,13 59,-2 59,-3 59,-9 59,-6 59,-3 59,-9 59,-5 59,-3 59,-8 59,-3 59,-1 59,-2 59,-1 59,-14 59,-1 59,-1 59,-8 59,-2 59,-10 59,-7 36,13 59,-7 59,-5 59,-1 59,-6 59,-9 59,-1 59,-4 59,-2 59,-2 59,-7 59,-4 59,-7 59,-1 59,-9 59,-3 59,-1 59,-5 59,-13 59,-9 59,-14 59,-7 59,-10 59,-14 59,-12 59,-6 59,-7 59,-11 59,-6 59,-10 59,-8 33,21 59,-9 59,-14 59,-11 59,-8 48,-6 59,-19 59,-13 59,-16 59,-11 59,-8 59,-10 59,-14 59,-18 27,16 59,-11 59,-18 59,-12 59,-7 59,-13 59,-6 59,-8 59,-4 59,-1 59,-10 59,-2 59,-4 59,-6 59,-9 59,-9 59,-7 
59,-5 59,-8 59,-2 59,-5 44,14 59,-4 59,-4 59,-5 59,-10 59,-6 59,-3 59,-9 59,-9 59,-3 59,-2 59,-3 59,-9 59,-6 59,-3 59,-9 59,-5 59,-3 59,-8 59,-3 59,-1 59,-2 59,-1 59,-14 59,-1 36,22 59,-8 59,-2 59,-10 59,-7 59,-10 59,-7 59,-5 59,-1 59,-6 59,-9 59,-1 59,-4 59,-2 59,-2 59,-7 59,-4 59,-7 59,-1 59,-9 59,-3 59,-1 59,-5 59,-13 59,-9 48,-3 59,-7 59,-10 59,-14 59,-12 59,-6 59,-7 59,-11 59,-6 59,-10 33,18 59,-5 59,-9 59,-14 59,-11 59,-8 59,-17 59,-19 59,-13 59,-16 59,-11 59,-8 59,-10 59,-14 36,5 59,-16 59,-11 59,-18 59,-12 59,-7 59,-13 59,-6 59,-8 59,-4 59,-1 59,-10 59,-2 59,-4 59,-6 59,-9 43,7 59,-7 
59,-5 59,-8 59,-2 44,10 59,-1 59,-4 59,-4 59,-5 59,-10 59,-6 59,-3 59,-9 59,-9 59,-3 59,-2 59,-3 59,-9 59,-6 59,-3 59,-9 59,-5 59,-3 59,-8 59,-3 59,-1 59,-2 59,-1 59,-14 59,-1 59,-1 36,15 59,-2 59,-10 59,-7 59,-10 59,-7 59,-5 59,-1 59,-6 59,-9 59,-1 59,-4 59,-2 59,-2 59,-7 59,-4 59,-7 59,-1 59,-9 59,-3 59,-1 59,-5 59,-13 59,-9 59,-14 59,-7 59,-10 59,-14 59,-12 59,-6 33,19 59,-11 59,-6 59,-10 59,-8 59,-5 59,-9 59,-14 59,-11 59,-8 59,-17 59,-19 59,-13 48,-5 59,-11 59,-8 59,-10 35,10 59,-18 59,-16 59,-11 59,-18 59,-12 59,-7 59,-13 59,-6 59,-8 59,-4 59,-1 59,-10 59,-2 59,-4 59,-6 54,-4 59,-9 59,-7 
59,-5 59,-8 59,-2 59,-5 59,-1 59,-4 59,-4 59,-5 59,-10 59,-6 59,-3 59,-9 59,-9 59,-3 59,-2 44,12 59,-9 59,-6 59,-3 59,-9 59,-5 59,-3 59,-8 59,-3 59,-1 59,-2 59,-1 59,-14 59,-1 59,-1 59,-8 36,21 59,-10 59,-7 59,-10 59,-7 59,-5 59,-1 59,-6 59,-9 59,-1 59,-4 59,-2 59,-2 59,-7 59,-4 59,-7 59,-1 59,-9 59,-3 59,-1 59,-5 59,-13 48,2 59,-14 59,-7 59,-10 33,12 59,-12 59,-6 59,-7 59,-11 59,-6 59,-10 59,-8 59,-5 59,-9 59,-14 59,-11 59,-8 59,-17 59,-19 59,-13 59,-16 59,-11 59,-8 37,12 59,-14 59,-18 59,-16 59,-11 59,-18 59,-12 59,-7 59,-13 59,-6 59,-8 59,-4 59,-1 59,-10 59,-2 59,-4 43,10 59,-9 59,-9 59,-7 
