6
1
1
60
130|131|132|133|134|135|138|140|142|144|18|21|23|158|32|37|38|167|39|169|170|43|40|45|166|41|44|49|50|52|57|59|61|165|64|65|67|68|70|78|79|168|82|83|84|86|87|88|89|93|94|96|102|105|106|107|109|112|114|115
77,-5 59,10 77,-9 77,-5 77,-1 77,-5 77,-12 77,-9 77,-2 77,-8 66,7 77,-5 77,-10 77,-9 72,-2 77,-1 77,-3 67,0 77,-6 77,-5 77,-11 77,-9 77,-6 62,12 77,-4 77,-3 77,-5 77,-2 77,-2 54,16 77,-4 77,-1 77,-1 77,-8 54,15 77,-3 77,-1 77,-2 77,-9 77,-10 77,-8 77,-11 67,7 77,-1 77,-5 77,-8 76,-1 77,-3 77,-1 77,-5 77,-4 77,-9 77,-7 77,-2 77,-6 77,-4 77,-9 68,6 77,-2 77,-1 
77,-5 77,-8 77,-9 77,-5 77,-1 62,10 77,-12 77,-9 77,-2 67,2 77,-4 66,6 77,-10 77,-9 77,-7 54,22 77,-3 77,-10 77,-6 70,2 77,-11 77,-9 77,-6 77,-3 77,-4 77,-3 77,-5 77,-2 77,-2 77,-7 56,17 49,27 77,-1 77,-8 77,-8 77,-3 77,-1 77,-2 77,-9 77,-10 77,-8 77,-11 77,-3 77,-1 77,-5 67,2 77,-2 76,-2 77,-1 77,-5 77,-4 77,-9 77,-7 77,-2 77,-6 68,5 77,-9 77,-3 77,-2 77,-1 
77,-5 77,-8 77,-9 77,-5 62,14 77,-5 77,-12 77,-9 77,-2 77,-8 77,-4 77,-5 66,1 77,-9 77,-7 77,-1 57,17 77,-10 77,-6 77,-5 70,-4 56,12 77,-6 77,-3 77,-4 77,-3 77,-5 77,-2 77,-2 77,-7 77,-4 77,-1 64,12 77,-8 77,-8 77,-3 77,-1 64,11 77,-9 67,0 77,-8 77,-11 77,-3 77,-1 77,-5 77,-8 77,-2 77,-3 77,-1 76,-4 77,-4 77,-9 77,-7 77,-2 77,-6 77,-4 68,0 77,-3 77,-2 77,-1 
77,-5 77,-8 77,-9 58,14 77,-1 77,-5 77,-12 77,-9 66,9 77,-8 77,-4 77,-5 77,-10 77,-9 77,-7 77,-1 77,-3 77,-10 54,17 77,-5 77,-11 77,-9 33,38 77,-3 67,6 77,-3 77,-5 77,-2 77,-2 77,-7 77,-4 77,-1 77,-1 77,-8 77,-8 55,19 77,-1 77,-2 77,-9 77,-10 67,2 77,-11 77,-3 77,-1 77,-5 77,-8 77,-2 77,-3 77,-1 77,-5 77,-4 76,-8 77,-7 77,-2 77,-6 77,-4 77,-9 77,-3 68,7 72,4 
77,-5 77,-8 59,9 77,-5 77,-1 77,-5 77,-12 66,2 77,-2 77,-8 77,-4 77,-5 77,-10 72,-4 77,-7 77,-1 77,-3 77,-10 77,-6 77,-5 77,-11 77,-9 77,-6 77,-3 77,-4 62,12 77,-5 54,21 77,-2 77,-7 77,-4 77,-1 77,-1 67,2 77,-8 77,-3 77,-1 77,-2 54,14 77,-10 77,-8 77,-11 77,-3 77,-1 67,5 77,-8 77,-2 77,-3 76,0 77,-5 77,-4 77,-9 77,-7 68,7 77,-6 77,-4 77,-9 77,-3 77,-2 77,-1 
59,13 77,-8 77,-9 77,-5 77,-1 77,-5 66,-1 77,-9 77,-2 77,-8 77,-4 77,-5 77,-10 77,-9 77,-7 77,-1 77,-3 77,-10 77,-6 77,-5 77,-11 77,-9 77,-6 77,-3 77,-4 77,-3 62,10 77,-2 54,21 77,-7 77,-4 77,-1 77,-1 77,-8 77,-8 77,-3 54,22 77,-2 77,-9 77,-10 77,-8 67,-1 77,-3 67,9 77,-5 77,-8 77,-2 77,-3 77,-1 77,-5 76,-3 77,-9 72,-2 77,-2 68,3 77,-4 77,-9 77,-3 77,-2 77,-1 
