6
1
1
60
130|131|132|133|134|135|16|17|18|21|22|23|36|37|38|39|168|169|170|167|166|165|48|49|50|51|52|53|54|55|56|57|58|59|60|61|62|63|70|71|81|82|83|84|85|86|92|93|94|95|96|97|98|99|109|110|111|112|113|114
77,-5 77,-8 77,-2 77,-5 77,-1 62,10 77,-5 77,-10 77,-4 77,-5 77,-7 66,1 77,-4 77,-1 77,-3 77,-6 77,-14 77,-10 70,-14 77,-14 77,-9 77,-10 77,-8 77,-2 77,-2 77,-1 77,-7 77,-3 77,-7 77,-3 77,-5 41,32 77,-5 77,-1 77,-1 77,-1 77,-6 47,25 77,-9 49,23 77,-7 77,-3 77,-1 77,-5 77,-10 67,2 77,-9 77,-5 77,-4 77,-10 77,-9 76,-5 77,-4 72,2 77,-9 77,-9 77,-2 77,-3 77,-1 68,7 
77,-5 77,-8 77,-2 77,-5 62,14 77,-5 77,-5 77,-10 77,-4 77,-5 66,4 77,-10 77,-4 77,-1 77,-3 77,-6 77,-14 70,-3 77,-21 77,-14 77,-9 77,-10 77,-8 77,-2 77,-2 77,-1 77,-7 77,-3 77,-7 77,-3 41,31 77,-4 77,-5 77,-1 77,-1 77,-1 47,24 77,-5 49,19 77,-5 77,-7 77,-3 77,-1 77,-5 67,0 77,-8 77,-9 77,-5 77,-4 77,-10 76,-8 77,-6 72,1 77,-3 77,-9 77,-9 77,-2 77,-3 68,8 77,-2 
77,-5 77,-8 77,-2 74,-2 77,-1 77,-5 77,-5 77,-10 77,-4 66,6 77,-7 77,-10 77,-4 77,-1 77,-3 54,17 67,-4 77,-10 77,-21 77,-14 77,-9 77,-10 77,-8 77,-2 77,-2 77,-1 72,-2 77,-3 77,-7 69,5 77,-5 77,-4 77,-5 77,-1 77,-1 65,11 77,-6 77,-5 77,-9 77,-5 77,-7 77,-3 77,-1 67,5 77,-10 77,-8 77,-9 77,-5 77,-4 76,-9 77,-9 77,-6 77,-4 77,-3 77,-9 77,-9 77,-2 68,6 77,-1 77,-2 
77,-5 77,-8 74,1 77,-5 77,-1 77,-5 77,-5 77,-10 66,7 77,-5 77,-7 77,-10 77,-4 77,-1 54,20 77,-6 77,-14 77,-10 77,-21 67,-4 77,-9 77,-10 77,-8 77,-2 77,-2 72,4 77,-7 77,-3 69,1 77,-3 77,-5 77,-4 77,-5 77,-1 65,11 77,-1 77,-6 77,-5 77,-9 77,-5 77,-7 77,-3 67,9 77,-5 77,-10 77,-8 77,-9 77,-5 76,-3 77,-10 77,-9 77,-6 77,-4 77,-3 77,-9 77,-9 68,7 77,-3 77,-1 77,-2 
77,-5 74,-5 77,-2 77,-5 77,-1 77,-5 77,-5 66,1 77,-4 77,-5 77,-7 77,-10 77,-4 54,22 77,-3 77,-6 77,-14 77,-10 77,-21 77,-14 67,1 77,-10 77,-8 77,-2 72,3 77,-1 77,-7 69,5 77,-7 77,-3 77,-5 77,-4 77,-5 65,11 77,-1 77,-1 77,-6 77,-5 77,-9 77,-5 77,-7 67,7 77,-1 77,-5 77,-10 77,-8 77,-9 76,-4 77,-4 77,-10 77,-9 77,-6 77,-4 77,-3 77,-9 68,0 77,-2 77,-3 77,-1 77,-2 
61,11 77,-8 77,-2 77,-5 77,-1 77,-5 66,6 77,-10 77,-4 77,-5 77,-7 77,-10 72,1 77,-1 77,-3 77,-6 77,-14 77,-10 77,-21 77,-14 77,-9 67,0 51,18 59,16 77,-2 77,-1 77,-7 77,-3 77,-7 77,-3 77,-5 77,-4 65,7 77,-1 77,-1 77,-1 77,-6 77,-5 77,-9 77,-5 67,3 77,-3 77,-1 77,-5 77,-10 77,-8 76,-8 77,-5 77,-4 77,-10 77,-9 77,-6 77,-4 77,-3 68,0 77,-9 77,-2 77,-3 77,-1 77,-2 
