7
1
1
28
7|8|9|10|17|23|25|31|32|33|34|35|36|39|40|41|63|64|65|66|67|69|72|73|74|87|88|91
15,7 25,-1 25,-4 25,-6 25,-8 25,-8 25,-8 25,-5 25,-1 25,-2 24,-9 25,-5 25,-5 25,-12 25,-2 19,1 25,-1 25,-5 25,-4 25,-5 16,-4 25,-5 25,-11 25,-6 25,-8 25,-10 25,-10 25,-9 
25,-3 25,-1 25,-4 25,-6 25,-8 25,-8 25,-8 25,-5 25,-1 25,-2 25,-10 25,-5 24,-4 25,-12 19,4 25,-5 25,-1 25,-5 25,-4 16,4 25,-13 25,-5 15,-1 25,-6 25,-8 25,-10 25,-10 25,-9 
25,-3 25,-1 25,-4 25,-6 25,-8 25,-8 25,-8 25,-5 25,-1 25,-2 25,-10 24,-4 25,-5 19,-6 25,-2 25,-5 25,-1 25,-5 16,5 25,-5 25,-13 25,-5 25,-11 15,4 25,-8 25,-10 25,-10 25,-9 
25,-3 25,-1 25,-4 25,-6 25,-8 25,-8 24,-7 25,-5 20,4 25,-2 25,-10 25,-5 25,-5 25,-12 25,-2 25,-5 25,-1 16,4 25,-4 25,-5 25,-13 25,-5 25,-11 25,-6 15,2 25,-10 25,-10 25,-9 
25,-3 15,9 25,-4 25,-6 25,-8 24,-7 25,-8 20,0 25,-1 25,-2 25,-10 25,-5 25,-5 25,-12 25,-2 25,-5 16,8 25,-5 25,-4 25,-5 25,-13 25,-5 25,-11 25,-6 25,-8 25,-10 25,-10 25,-9 
25,-3 25,-1 25,-4 15,4 24,-7 25,-8 25,-8 25,-5 25,-1 20,3 25,-10 25,-5 25,-5 25,-12 25,-2 25,-5 25,-1 25,-5 25,-4 25,-5 25,-13 25,-5 25,-11 25,-6 25,-8 25,-10 25,-10 16,0 
25,-3 25,-4 15,3 25,-9 25,-8 25,-11 25,-11 25,-8 25,-4 25,-5 25,-13 25,-8 25,-8 25,-15 25,-5 25,-8 25,-4 25,-8 25,-7 25,-8 25,-13 16,1 25,-11 25,-6 25,-8 24,-9 20,-8 25,-12 
