9
1
1
36
5|6|7|9|10|11|12|17|18|19|20|21|22|23|25|31|32|33|34|35|39|40|41|62|63|64|65|66|67|68|69|73|86|87|88|91
15,1 25,-4 25,-3 25,-4 25,-6 25,-5 25,-2 24,-7 25,-2 25,-11 25,-4 25,-1 25,-1 25,-8 25,-17 25,-5 25,-1 25,-2 25,-10 25,-14 25,-12 25,-2 25,-5 25,-7 25,-5 25,-9 25,-17 25,-9 25,-17 25,-6 16,0 25,-6 25,-13 25,-9 20,-4 25,-9 
25,-9 15,6 25,-3 25,-4 25,-6 25,-5 25,-2 25,-8 25,-2 25,-11 25,-4 25,-1 19,5 25,-8 25,-17 25,-5 25,-1 25,-2 20,-5 25,-14 25,-12 25,-2 25,-5 25,-7 25,-5 25,-9 16,-8 25,-9 25,-17 25,-6 25,-9 25,-6 25,-13 25,-9 25,-9 25,-9 
25,-9 25,-4 15,7 25,-4 25,-6 25,-5 25,-2 25,-8 25,-2 24,-10 25,-4 25,-1 25,-1 25,-8 25,-17 25,-5 20,4 25,-2 25,-10 25,-14 25,-12 25,-2 25,-5 25,-7 25,-5 16,0 25,-17 25,-9 25,-17 25,-6 25,-9 25,-6 25,-13 25,-9 25,-9 25,-9 
25,-9 25,-4 25,-3 15,6 25,-6 25,-5 25,-2 25,-8 25,-2 25,-11 25,-4 25,-1 25,-1 25,-8 25,-17 25,-5 25,-1 25,-2 25,-10 20,-9 25,-12 25,-2 25,-5 16,2 25,-5 25,-9 25,-17 25,-9 25,-17 25,-6 25,-9 25,-6 25,-13 19,-3 25,-9 25,-9 
25,-9 25,-13 25,-12 25,-13 15,-5 25,-14 25,-11 25,-17 25,-11 25,-20 25,-13 25,-10 25,-10 25,-17 24,-16 25,-14 25,-10 25,-11 25,-19 25,-14 25,-21 20,-6 25,-14 25,-16 25,-14 25,-18 25,-17 25,-18 25,-26 16,-6 25,-18 25,-15 25,-22 25,-18 25,-18 25,-18 
25,-13 25,-4 25,-7 25,-8 25,-10 15,1 25,-6 25,-12 25,-6 25,-15 25,-8 25,-5 25,-5 24,-11 25,-21 25,-9 25,-5 25,-6 25,-14 25,-18 20,-11 25,-6 25,-9 25,-7 25,-5 25,-9 25,-17 25,-9 25,-17 25,-6 25,-9 25,-10 25,-13 25,-13 25,-13 16,-4 
25,-12 25,-7 25,-3 25,-7 25,-9 25,-8 15,5 25,-8 25,-5 25,-14 24,-6 25,-4 25,-4 25,-11 25,-20 25,-8 25,-4 25,-5 25,-13 25,-17 25,-15 25,-5 20,-3 25,-10 25,-8 25,-12 25,-20 25,-12 16,-8 25,-9 25,-12 25,-6 25,-16 25,-9 25,-12 25,-12 
25,-9 25,-4 25,-3 25,-4 25,-6 25,-5 25,-2 25,-8 24,-1 25,-11 25,-4 25,-1 25,-1 25,-8 25,-17 25,-5 25,-1 20,3 25,-10 25,-14 25,-12 25,-2 25,-5 25,-7 25,-5 25,-9 25,-17 16,0 25,-17 25,-6 25,-9 15,4 25,-13 25,-9 25,-9 25,-9 
25,-13 25,-8 25,-7 25,-4 25,-10 25,-9 25,-6 25,-12 25,-6 25,-11 25,-8 24,-4 25,-5 25,-12 25,-21 20,-4 25,-5 25,-6 25,-14 25,-18 25,-12 25,-6 25,-9 25,-11 16,0 25,-13 25,-21 25,-13 25,-21 25,-10 25,-9 25,-10 15,-7 25,-13 25,-13 25,-9 
