21
1
1
126
13|14|15|17|18|19|20|21|22|24|25|26|28|30|44|50|51|52|55|57|67|68|69|73|82|83|84|85|87|98|99|100|101|102|103|104|105|106|111|112|130|131|135|143|148|149|150|154|155|156|163|165|166|168|169|171|172|173|175|176|177|178|179|180|182|183|185|186|187|190|207|215|219|225|227|236|237|238|239|240|241|242|243|244|245|246|247|248|249|252|254|256|268|269|270|272|273|277|278|279|280|281|299|300|301|302|303|304|305|306|307|308|309|313|314|384|386|387|404|405|406|408|417|419|420|421
48,6 59,-5 59,-1 59,-5 59,-5 59,-8 59,-2 59,-5 59,-1 44,11 59,-5 59,-10 59,-3 59,-9 59,-3 59,-3 59,-10 59,-1 59,-6 54,2 59,-2 59,-9 59,-2 59,-1 59,-2 59,-2 59,-3 59,-3 59,-9 59,-6 59,-3 59,-9 59,-5 59,-3 59,-8 59,-3 59,-1 59,-2 59,-1 59,-1 59,-19 59,-6 59,-7 36,8 59,-10 59,-6 59,-10 59,-10 59,-9 59,-2 59,-4 59,-6 59,-2 59,-19 59,-5 59,-7 59,-12 59,-10 59,-6 59,-14 59,-8 59,-6 59,-10 59,-13 59,-11 59,-16 59,-10 59,-7 59,-17 59,-13 59,-4 59,-15 59,-17 59,-13 59,-11 59,-10 59,-8 59,-2 59,-3 59,-11 59,-6 59,-10 59,-8 33,18 59,-9 59,-14 59,-11 59,-14 59,-9 59,-15 59,-7 59,-13 59,-22 59,-18 59,-5 59,-7 59,-11 59,-9 59,-5 59,-2 59,-7 59,-6 59,-10 59,-18 59,-10 59,-14 59,-18 59,-16 59,-11 59,-18 35,12 59,-10 59,-19 59,-9 59,-13 59,-4 59,-3 59,-16 59,-10 59,-6 59,-4 59,-7 59,-14 59,-15 59,-7 59,-9 
59,-5 40,14 59,-1 59,-5 59,-5 59,-8 59,-2 59,-5 59,-1 59,-4 59,-5 59,-10 59,-3 59,-9 59,-3 59,-3 59,-10 59,-1 59,-6 59,-3 59,-2 59,-9 59,-2 59,-1 59,-2 26,31 59,-3 59,-3 59,-9 59,-6 59,-3 59,-9 59,-5 59,-3 59,-8 59,-3 59,-1 59,-2 59,-1 51,7 59,-19 59,-6 59,-7 59,-15 59,-10 59,-6 59,-10 59,-10 59,-9 59,-2 59,-4 59,-6 59,-2 59,-19 59,-5 59,-7 59,-12 59,-10 59,-6 59,-14 59,-8 59,-6 59,-10 59,-13 59,-11 59,-16 59,-10 59,-7 59,-17 59,-13 59,-4 59,-15 59,-17 59,-13 59,-11 59,-10 59,-8 59,-2 59,-3 59,-11 59,-6 59,-10 14,37 59,-8 59,-9 59,-14 59,-11 21,24 59,-9 59,-15 59,-7 59,-13 59,-22 59,-18 59,-5 59,-7 59,-11 59,-9 59,-5 59,-2 59,-7 59,-6 59,-10 59,-18 59,-10 59,-14 59,-18 59,-16 59,-11 59,-18 59,-12 59,-10 59,-19 59,-9 59,-13 59,-4 59,-3 59,-16 59,-10 59,-6 59,-4 59,-7 59,-14 59,-15 59,-7 54,-4 
59,-5 59,-5 48,10 59,-5 59,-5 59,-8 59,-2 59,-5 59,-1 59,-4 59,-5 59,-10 59,-3 59,-9 59,-3 59,-3 59,-10 59,-1 54,-1 59,-3 59,-2 59,-9 59,-2 59,-1 59,-2 59,-2 59,-3 59,-3 44,6 59,-6 59,-3 59,-9 59,-5 59,-3 59,-8 59,-3 59,-1 59,-2 59,-1 59,-1 59,-19 59,-6 59,-7 59,-15 59,-10 59,-6 59,-10 59,-10 59,-9 59,-2 59,-4 59,-6 59,-2 59,-19 59,-5 59,-7 59,-12 59,-10 59,-6 59,-14 59,-8 59,-6 59,-10 59,-13 59,-11 59,-16 59,-10 59,-7 59,-17 59,-13 36,19 59,-15 59,-17 59,-13 59,-11 59,-10 59,-8 59,-2 59,-3 59,-11 59,-6 59,-10 59,-8 59,-8 59,-9 33,12 59,-11 59,-14 59,-9 59,-15 59,-7 59,-13 59,-22 59,-18 59,-5 59,-7 59,-11 59,-9 59,-5 59,-2 59,-7 59,-6 59,-10 59,-18 59,-10 59,-14 59,-18 59,-16 36,12 59,-18 59,-12 59,-10 59,-19 59,-9 59,-13 59,-4 59,-3 59,-16 59,-10 59,-6 59,-4 59,-7 59,-14 59,-15 59,-7 59,-9 
59,-5 59,-5 59,-1 40,14 59,-5 59,-8 59,-2 59,-5 59,-1 59,-4 59,-5 59,-10 59,-3 59,-9 59,-3 59,-3 59,-10 59,-1 59,-6 59,-3 59,-2 59,-9 59,-2 59,-1 26,31 59,-2 59,-3 59,-3 59,-9 59,-6 59,-3 59,-9 59,-5 59,-3 59,-8 59,-3 59,-1 59,-2 59,-1 59,-1 51,-11 59,-6 59,-7 59,-15 59,-10 59,-6 59,-10 59,-10 59,-9 59,-2 59,-4 59,-6 59,-2 59,-19 59,-5 59,-7 59,-12 59,-10 59,-6 59,-14 59,-8 59,-6 59,-10 59,-13 59,-11 59,-16 59,-10 59,-7 59,-17 59,-13 59,-4 59,-15 59,-17 59,-13 59,-11 59,-10 59,-8 59,-2 59,-3 59,-11 14,39 59,-10 59,-8 59,-8 59,-9 59,-14 59,-11 59,-14 21,29 59,-15 59,-7 59,-13 59,-22 59,-18 59,-5 59,-7 59,-11 59,-9 59,-5 59,-2 59,-7 59,-6 59,-10 59,-18 59,-10 59,-14 59,-18 59,-16 59,-11 59,-18 59,-12 59,-10 59,-19 59,-9 59,-13 59,-4 59,-3 59,-16 59,-10 59,-6 59,-4 59,-7 56,-11 59,-15 59,-7 59,-9 
59,-5 59,-5 59,-1 59,-5 40,14 59,-8 59,-2 59,-5 59,-1 59,-4 59,-5 59,-10 59,-3 59,-9 59,-3 59,-3 59,-10 59,-1 59,-6 59,-3 59,-2 21,29 59,-2 59,-1 59,-2 59,-2 59,-3 59,-3 59,-9 59,-6 59,-3 59,-9 59,-5 59,-3 59,-8 59,-3 59,-1 59,-2 59,-1 59,-1 59,-19 59,-6 59,-7 59,-15 59,-10 59,-6 59,-10 59,-10 59,-9 26,31 59,-4 59,-6 59,-2 59,-19 59,-5 59,-7 59,-12 59,-10 59,-6 59,-14 59,-8 59,-6 59,-10 59,-13 59,-11 59,-16 59,-10 59,-7 59,-17 59,-13 59,-4 59,-15 59,-17 59,-13 59,-11 59,-10 59,-8 59,-2 59,-3 14,34 59,-6 59,-10 59,-8 59,-8 59,-9 59,-14 59,-11 59,-14 59,-9 59,-15 59,-7 59,-13 59,-22 59,-18 59,-5 59,-7 59,-11 59,-9 59,-5 59,-2 59,-7 59,-6 59,-10 59,-18 59,-10 59,-14 59,-18 59,-16 59,-11 59,-18 59,-12 59,-10 59,-19 59,-9 51,-5 59,-4 59,-3 59,-16 59,-10 59,-6 59,-4 54,-2 59,-14 59,-15 59,-7 59,-9 
59,-5 59,-5 59,-1 59,-5 59,-5 44,7 59,-2 59,-5 59,-1 59,-4 59,-5 59,-10 59,-3 59,-9 59,-3 59,-3 59,-10 59,-1 59,-6 59,-3 59,-2 59,-9 59,-2 59,-1 59,-2 59,-2 59,-3 59,-3 59,-9 59,-6 59,-3 59,-9 59,-5 59,-3 59,-8 59,-3 59,-1 59,-2 59,-1 59,-1 59,-19 59,-6 59,-7 59,-15 59,-10 59,-6 59,-10 59,-10 59,-9 59,-2 59,-4 59,-6 59,-2 59,-19 59,-5 59,-7 59,-12 59,-10 59,-6 59,-14 59,-8 59,-6 59,-10 59,-13 48,0 59,-16 59,-10 59,-7 59,-17 59,-13 59,-4 59,-15 59,-17 59,-13 59,-11 59,-10 59,-8 59,-2 59,-3 59,-11 59,-6 33,16 59,-8 59,-8 59,-9 59,-14 59,-11 59,-14 59,-9 59,-15 59,-7 36,10 59,-22 59,-18 59,-5 59,-7 59,-11 59,-9 59,-5 59,-2 59,-7 59,-6 34,15 59,-18 59,-10 59,-14 59,-18 59,-16 59,-11 59,-18 59,-12 59,-10 59,-19 59,-9 59,-13 59,-4 59,-3 59,-16 59,-10 59,-6 59,-4 59,-7 59,-14 59,-15 43,9 59,-9 
59,-5 59,-5 59,-1 59,-5 59,-5 59,-8 44,13 59,-5 59,-1 59,-4 59,-5 59,-10 59,-3 59,-9 59,-3 59,-3 59,-10 59,-1 59,-6 59,-3 59,-2 59,-9 59,-2 59,-1 59,-2 59,-2 59,-3 59,-3 59,-9 59,-6 59,-3 59,-9 59,-5 59,-3 59,-8 59,-3 59,-1 59,-2 59,-1 59,-1 59,-19 59,-6 59,-7 59,-15 54,-5 59,-6 59,-10 59,-10 59,-9 59,-2 59,-4 59,-6 59,-2 59,-19 59,-5 59,-7 59,-12 59,-10 59,-6 59,-14 59,-8 59,-6 59,-10 59,-13 59,-11 59,-16 59,-10 59,-7 59,-17 59,-13 59,-4 59,-15 59,-17 59,-13 59,-11 59,-10 59,-8 59,-2 59,-3 59,-11 59,-6 59,-10 59,-8 59,-8 59,-9 59,-14 33,15 59,-14 59,-9 59,-15 59,-7 59,-13 59,-22 59,-18 59,-5 37,15 59,-11 59,-9 59,-5 59,-2 59,-7 59,-6 59,-10 59,-18 59,-10 59,-14 40,1 59,-16 59,-11 59,-18 59,-12 59,-10 59,-19 59,-9 59,-13 36,19 59,-3 59,-16 59,-10 59,-6 59,-4 59,-7 59,-14 59,-15 59,-7 59,-9 
59,-5 59,-5 59,-1 59,-5 59,-5 59,-8 59,-2 21,33 59,-1 59,-4 59,-5 59,-10 59,-3 59,-9 59,-3 59,-3 59,-10 59,-1 59,-6 59,-3 59,-2 59,-9 59,-2 59,-1 59,-2 59,-2 59,-3 59,-3 59,-9 59,-6 59,-3 45,5 59,-5 59,-3 59,-8 59,-3 59,-1 59,-2 59,-1 59,-1 59,-19 51,2 59,-7 59,-15 59,-10 59,-6 59,-10 59,-10 59,-9 59,-2 59,-4 59,-6 59,-2 59,-19 18,36 59,-7 59,-12 59,-10 59,-6 59,-14 59,-8 59,-6 59,-10 47,-1 59,-11 59,-16 59,-10 59,-7 59,-17 59,-13 59,-4 59,-15 36,6 59,-13 59,-11 59,-10 59,-8 59,-2 59,-3 59,-11 59,-6 59,-10 59,-8 59,-8 59,-9 59,-14 59,-11 59,-14 59,-9 59,-15 59,-7 59,-13 59,-22 59,-18 59,-5 59,-7 59,-11 59,-9 59,-5 59,-2 59,-7 59,-6 59,-10 59,-18 59,-10 59,-14 59,-18 59,-16 59,-11 59,-18 59,-12 59,-10 59,-19 59,-9 59,-13 59,-4 59,-3 59,-16 59,-10 59,-6 59,-4 59,-7 59,-14 59,-15 59,-7 59,-9 
59,-5 59,-5 59,-1 59,-5 59,-5 59,-8 59,-2 59,-5 25,33 59,-4 59,-5 59,-10 59,-3 59,-9 59,-3 59,-3 59,-10 59,-1 59,-6 59,-3 59,-2 59,-9 59,-2 59,-1 59,-2 59,-2 59,-3 59,-3 59,-9 59,-6 43,13 59,-9 59,-5 59,-3 59,-8 59,-3 59,-1 59,-2 51,7 59,-1 59,-19 59,-6 40,12 59,-15 59,-10 59,-6 59,-10 59,-10 59,-9 59,-2 59,-4 59,-6 16,41 59,-19 59,-5 59,-7 59,-12 59,-10 59,-6 59,-14 59,-8 59,-6 59,-10 59,-13 59,-11 59,-16 59,-10 59,-7 59,-17 59,-13 59,-4 59,-15 59,-17 59,-13 59,-11 59,-10 59,-8 59,-2 59,-3 59,-11 59,-6 59,-10 59,-8 59,-8 59,-9 59,-14 59,-11 59,-14 59,-9 59,-15 59,-7 59,-13 59,-22 59,-18 59,-5 59,-7 59,-11 59,-9 59,-5 59,-2 47,5 59,-6 59,-10 59,-18 59,-10 59,-14 59,-18 59,-16 59,-11 59,-18 59,-12 59,-10 59,-19 59,-9 59,-13 59,-4 59,-3 59,-16 59,-10 59,-6 59,-4 59,-7 59,-14 59,-15 59,-7 59,-9 
59,-5 59,-5 59,-1 59,-5 59,-5 59,-8 59,-2 59,-5 59,-1 59,-4 44,10 59,-10 59,-3 59,-9 59,-3 59,-3 59,-10 59,-1 59,-6 59,-3 59,-2 59,-9 59,-2 59,-1 59,-2 59,-2 59,-3 59,-3 59,-9 59,-6 59,-3 59,-9 59,-5 59,-3 59,-8 59,-3 59,-1 59,-2 59,-1 59,-1 59,-19 59,-6 59,-7 59,-15 59,-10 59,-6 59,-10 59,-10 59,-9 59,-2 59,-4 59,-6 59,-2 59,-19 59,-5 59,-7 59,-12 59,-10 59,-6 59,-14 59,-8 59,-6 59,-10 59,-13 59,-11 48,-5 59,-10 59,-7 59,-17 59,-13 59,-4 59,-15 59,-17 59,-13 36,12 59,-10 59,-8 59,-2 59,-3 59,-11 59,-6 59,-10 59,-8 59,-8 33,17 59,-14 59,-11 59,-14 59,-9 59,-15 59,-7 59,-13 59,-22 59,-18 59,-5 59,-7 59,-11 59,-9 59,-5 59,-2 59,-7 59,-6 59,-10 59,-18 59,-10 59,-14 59,-18 36,7 59,-11 59,-18 59,-12 59,-10 59,-19 59,-9 59,-13 59,-4 59,-3 59,-16 59,-10 59,-6 43,12 59,-7 59,-14 59,-15 59,-7 59,-9 
59,-5 59,-5 59,-1 59,-5 59,-5 59,-8 59,-2 59,-5 59,-1 59,-4 59,-5 27,22 59,-3 59,-9 59,-3 59,-3 59,-10 59,-1 59,-6 59,-3 59,-2 59,-9 59,-2 36,22 59,-2 59,-2 59,-3 59,-3 59,-9 43,10 59,-3 59,-9 59,-5 59,-3 59,-8 59,-3 59,-1 59,-2 59,-1 59,-1 59,-19 59,-6 59,-7 59,-15 59,-10 59,-6 59,-10 59,-10 59,-9 59,-2 34,21 59,-6 59,-2 59,-19 59,-5 59,-7 59,-12 59,-10 59,-6 59,-14 59,-8 59,-6 47,2 59,-13 59,-11 59,-16 59,-10 59,-7 59,-17 59,-13 59,-4 59,-15 59,-17 59,-13 59,-11 59,-10 59,-8 59,-2 59,-3 59,-11 59,-6 59,-10 59,-8 59,-8 59,-9 59,-14 59,-11 59,-14 59,-9 59,-15 59,-7 59,-13 59,-22 59,-18 59,-5 59,-7 59,-11 59,-9 59,-5 59,-2 59,-7 59,-6 59,-10 51,-10 59,-10 59,-14 59,-18 59,-16 59,-11 59,-18 59,-12 59,-10 59,-19 59,-9 59,-13 59,-4 59,-3 59,-16 59,-10 59,-6 59,-4 59,-7 59,-14 59,-15 59,-7 59,-9 
59,-5 59,-5 59,-1 59,-5 59,-5 59,-8 59,-2 59,-5 59,-1 59,-4 59,-5 59,-10 25,31 59,-9 59,-3 59,-3 59,-10 59,-1 59,-6 59,-3 59,-2 59,-9 59,-2 59,-1 59,-2 59,-2 59,-3 59,-3 59,-9 59,-6 59,-3 59,-9 59,-5 59,-3 59,-8 59,-3 59,-1 45,12 59,-1 59,-1 59,-19 59,-6 59,-7 59,-15 59,-10 59,-6 51,-2 59,-10 59,-9 59,-2 59,-4 59,-6 59,-2 59,-19 59,-5 59,-7 18,29 59,-10 59,-6 59,-14 59,-8 59,-6 59,-10 59,-13 59,-11 59,-16 59,-10 59,-7 59,-17 59,-13 59,-4 59,-15 59,-17 40,6 59,-11 59,-10 59,-8 59,-2 59,-3 59,-11 59,-6 59,-10 59,-8 59,-8 59,-9 59,-14 59,-11 59,-14 59,-9 59,-15 59,-7 59,-13 59,-22 59,-18 59,-5 59,-7 59,-11 59,-9 47,7 59,-2 59,-7 59,-6 59,-10 59,-18 59,-10 59,-14 59,-18 59,-16 59,-11 59,-18 59,-12 59,-10 59,-19 59,-9 59,-13 59,-4 59,-3 59,-16 59,-10 59,-6 59,-4 59,-7 59,-14 59,-15 59,-7 59,-9 
59,-5 59,-10 59,-6 59,-10 59,-10 59,-13 59,-7 59,-10 59,-6 59,-9 59,-10 59,-15 59,-8 31,14 59,-8 59,-8 59,-15 59,-6 59,-11 59,-8 59,-7 59,-14 59,-7 59,-6 59,-7 59,-7 59,-8 59,-8 59,-14 59,-11 59,-8 59,-14 59,-10 59,-8 45,1 59,-8 59,-6 59,-7 59,-6 59,-6 59,-19 59,-6 59,-7 59,-20 59,-15 59,-11 59,-15 59,-15 59,-14 59,-7 59,-9 20,28 59,-7 59,-24 59,-10 59,-12 59,-17 59,-15 59,-11 59,-19 51,-5 59,-11 59,-15 59,-18 59,-16 59,-21 59,-15 59,-12 59,-22 59,-18 59,-9 59,-20 59,-22 59,-18 59,-16 59,-15 59,-13 59,-7 59,-8 59,-16 59,-11 59,-15 59,-13 59,-13 59,-14 59,-19 59,-16 59,-19 59,-14 59,-20 40,7 59,-18 59,-27 59,-23 59,-10 59,-12 59,-16 59,-14 59,-10 59,-7 59,-12 47,1 59,-15 59,-23 59,-15 59,-19 59,-23 59,-21 59,-16 59,-23 59,-17 59,-15 59,-24 59,-9 59,-18 59,-9 59,-8 59,-21 59,-15 59,-11 59,-9 59,-12 59,-19 59,-20 59,-12 59,-14 
59,-10 59,-5 59,-6 59,-10 59,-10 59,-13 59,-7 59,-10 59,-6 59,-9 59,-10 59,-15 59,-8 59,-14 21,30 59,-8 59,-15 59,-6 59,-11 59,-8 59,-7 59,-14 59,-7 59,-6 59,-7 59,-7 26,25 59,-8 59,-14 59,-11 59,-8 59,-14 59,-10 59,-8 59,-13 59,-8 59,-6 59,-7 59,-6 59,-6 59,-24 59,-11 59,-12 59,-15 59,-10 59,-6 59,-15 59,-15 59,-14 59,-7 59,-9 59,-11 59,-7 59,-24 59,-10 59,-12 59,-17 59,-15 59,-11 59,-19 59,-13 54,-6 59,-15 59,-18 59,-16 59,-21 59,-15 59,-12 59,-22 59,-18 59,-9 59,-20 59,-22 59,-18 59,-16 14,30 59,-13 59,-7 59,-8 59,-16 59,-11 59,-15 59,-13 59,-13 59,-14 59,-19 59,-16 59,-19 59,-14 59,-20 59,-12 59,-18 59,-27 59,-23 59,-10 59,-12 40,3 59,-14 59,-10 59,-7 59,-12 59,-11 59,-15 59,-23 59,-15 59,-19 59,-23 59,-21 59,-16 59,-23 59,-17 59,-15 56,-21 59,-14 59,-13 59,-9 59,-8 59,-21 59,-15 59,-11 59,-9 59,-12 59,-19 59,-20 59,-12 59,-14 
59,-6 59,-6 59,-1 59,-6 59,-6 59,-9 59,-3 59,-6 59,-2 59,-5 59,-6 59,-11 59,-4 59,-10 59,-4 25,30 59,-11 59,-2 59,-7 59,-4 59,-3 59,-10 59,-3 59,-2 59,-3 59,-3 59,-4 59,-4 59,-10 59,-7 59,-4 59,-10 59,-6 59,-4 59,-9 43,12 59,-2 59,-3 59,-2 59,-2 59,-20 59,-7 59,-8 59,-16 59,-11 59,-7 59,-10 59,-10 59,-9 59,-2 59,-5 59,-7 59,-3 21,18 59,-6 59,-8 59,-13 59,-11 59,-7 59,-15 59,-9 59,-7 59,-11 59,-14 59,-12 59,-17 59,-11 59,-8 31,10 59,-14 59,-5 59,-15 59,-18 59,-14 59,-12 59,-11 59,-9 59,-3 59,-4 59,-12 59,-7 59,-11 59,-9 59,-9 59,-10 59,-15 59,-12 59,-15 59,-10 59,-16 59,-8 59,-14 59,-23 59,-19 59,-6 59,-8 59,-12 47,2 59,-6 59,-3 59,-8 59,-7 59,-11 59,-19 59,-11 59,-15 59,-19 59,-17 59,-12 59,-19 59,-13 59,-11 59,-20 51,-2 59,-14 59,-5 59,-4 59,-17 59,-11 59,-7 59,-5 59,-8 59,-15 59,-16 59,-8 59,-10 
59,-5 59,-5 59,-1 59,-5 59,-5 59,-8 59,-2 59,-5 59,-1 59,-4 59,-5 59,-10 59,-3 59,-9 59,-3 59,-3 36,13 59,-1 59,-6 59,-3 59,-2 59,-9 59,-2 59,-1 59,-2 59,-2 59,-3 59,-3 59,-9 59,-6 59,-3 59,-9 59,-5 59,-3 59,-8 59,-3 59,-1 59,-2 59,-1 59,-1 59,-19 59,-6 59,-7 59,-15 59,-10 59,-6 59,-10 59,-10 44,6 59,-2 59,-4 59,-6 59,-2 59,-19 59,-5 59,-7 59,-12 59,-10 59,-6 59,-14 59,-8 59,-6 59,-10 59,-13 59,-11 59,-16 59,-10 59,-7 59,-17 59,-13 59,-4 59,-15 59,-17 59,-13 59,-11 59,-10 59,-8 59,-2 24,32 59,-11 59,-6 59,-10 59,-8 59,-8 59,-9 59,-14 59,-11 59,-14 59,-9 59,-15 59,-7 59,-13 59,-22 48,-7 59,-5 59,-7 59,-11 59,-9 59,-5 59,-2 59,-7 59,-6 59,-10 59,-18 51,-2 59,-14 59,-18 59,-16 59,-11 59,-18 59,-12 59,-10 59,-19 59,-9 59,-13 59,-4 59,-3 59,-16 59,-10 54,-1 59,-4 59,-7 59,-14 59,-15 59,-7 59,-9 
59,-10 59,-10 59,-6 59,-5 59,-10 59,-13 59,-7 59,-10 59,-6 59,-9 59,-10 59,-15 59,-8 59,-14 59,-8 59,-8 59,-15 21,32 59,-11 59,-8 59,-7 59,-14 59,-7 59,-6 59,-7 59,-7 59,-8 26,25 59,-14 59,-11 59,-8 59,-14 59,-10 59,-8 59,-13 59,-8 59,-6 59,-7 59,-6 59,-6 59,-24 59,-11 59,-12 59,-20 59,-15 51,-3 59,-15 59,-15 59,-14 59,-7 59,-9 59,-11 59,-7 59,-24 59,-10 59,-7 59,-12 59,-10 59,-6 59,-14 59,-8 59,-6 59,-10 59,-18 59,-16 59,-21 59,-15 59,-12 59,-22 59,-18 59,-9 59,-20 59,-22 59,-18 59,-16 59,-15 14,32 59,-7 59,-8 59,-16 59,-11 59,-15 59,-13 59,-13 59,-14 59,-19 59,-16 59,-19 59,-14 59,-20 59,-12 59,-18 59,-27 59,-23 40,9 59,-12 59,-16 59,-14 59,-10 59,-7 59,-12 59,-11 59,-15 59,-23 59,-15 59,-19 59,-23 59,-21 59,-16 59,-23 59,-17 59,-15 59,-24 59,-14 59,-18 59,-9 59,-8 59,-21 59,-15 59,-11 59,-9 59,-12 59,-14 56,-17 59,-12 59,-14 
59,-10 59,-10 59,-6 59,-10 59,-5 59,-13 59,-7 59,-10 59,-6 59,-9 59,-10 59,-15 59,-8 59,-14 59,-8 59,-8 59,-15 59,-6 59,-11 59,-8 25,27 59,-14 59,-7 59,-6 59,-7 59,-7 59,-8 59,-8 59,-14 59,-11 59,-8 59,-14 43,6 59,-8 59,-13 59,-8 59,-6 59,-7 59,-6 59,-6 59,-24 59,-11 59,-12 59,-20 59,-15 59,-11 59,-15 59,-15 59,-14 59,-7 59,-9 59,-11 59,-7 59,-24 59,-10 59,-12 59,-17 59,-15 21,27 59,-19 59,-13 59,-11 59,-15 59,-13 59,-11 59,-16 31,18 59,-7 59,-17 59,-18 59,-9 59,-20 59,-22 59,-18 59,-16 59,-15 59,-13 59,-7 59,-8 59,-16 59,-11 59,-15 59,-13 59,-13 59,-14 59,-19 59,-16 59,-19 59,-14 59,-20 59,-12 59,-18 59,-27 59,-23 59,-10 59,-12 59,-16 59,-14 59,-10 59,-7 59,-12 59,-11 59,-15 59,-23 59,-15 59,-19 59,-23 59,-21 59,-16 59,-23 59,-17 51,-7 59,-24 59,-14 59,-18 59,-9 59,-8 47,-9 59,-15 59,-11 59,-9 59,-12 59,-19 59,-20 59,-12 59,-14 
59,-13 59,-13 59,-9 59,-13 59,-13 59,-8 59,-10 59,-13 59,-9 59,-12 59,-13 59,-18 59,-11 59,-17 59,-11 59,-11 59,-18 59,-9 59,-14 59,-11 59,-10 59,-17 40,9 59,-9 59,-10 59,-10 59,-11 59,-11 59,-17 59,-14 59,-11 59,-17 59,-13 43,5 59,-16 59,-11 59,-9 59,-10 59,-9 59,-9 59,-27 59,-14 59,-15 59,-23 59,-18 59,-14 59,-18 59,-18 59,-17 59,-10 59,-12 59,-14 59,-10 59,-27 59,-13 59,-15 59,-20 37,4 59,-14 59,-22 59,-16 59,-14 59,-18 59,-21 59,-19 59,-24 59,-18 31,13 59,-25 59,-13 59,-12 59,-23 59,-17 59,-21 59,-19 59,-18 59,-16 59,-10 59,-11 59,-19 59,-14 59,-18 59,-16 59,-16 59,-17 59,-22 59,-19 59,-22 59,-17 59,-23 59,-15 59,-21 59,-30 59,-26 59,-13 59,-15 59,-19 59,-17 59,-13 59,-10 59,-15 59,-14 59,-18 59,-26 59,-18 51,-14 59,-26 59,-24 59,-19 59,-26 59,-20 59,-18 59,-27 59,-17 59,-21 59,-12 47,1 59,-24 59,-18 59,-14 59,-12 59,-15 59,-22 59,-15 59,-15 59,-17 
59,-7 59,-7 59,-3 59,-7 59,-7 59,-10 59,-2 59,-7 59,-3 59,-6 59,-7 59,-12 59,-5 59,-11 59,-5 59,-5 59,-12 59,-3 59,-8 59,-5 59,-4 59,-11 59,-4 59,-3 59,-4 59,-4 59,-5 59,-5 59,-11 59,-8 59,-5 59,-11 59,-7 59,-5 59,-10 59,-5 45,11 59,-4 59,-3 59,-3 59,-21 59,-8 59,-9 59,-17 59,-12 59,-8 59,-12 59,-12 59,-11 59,-4 59,-6 59,-8 59,-4 59,-21 59,-7 23,27 59,-14 59,-12 59,-8 51,-8 59,-10 59,-8 59,-12 59,-15 59,-13 59,-18 59,-12 59,-9 59,-19 31,13 59,-4 59,-17 59,-19 59,-15 59,-13 59,-12 59,-10 59,-4 59,-5 59,-13 59,-8 59,-12 59,-10 59,-10 59,-11 59,-16 59,-13 59,-16 59,-11 25,17 59,-9 59,-15 59,-24 59,-20 59,-7 59,-9 59,-13 59,-11 59,-7 47,8 59,-9 59,-8 59,-12 59,-20 59,-12 59,-16 59,-20 59,-18 59,-13 59,-20 59,-14 59,-12 59,-21 59,-11 59,-15 59,-6 59,-5 59,-18 59,-12 59,-8 59,-6 59,-9 59,-16 59,-17 59,-7 59,-11 
59,-10 59,-10 59,-6 59,-10 59,-10 59,-13 59,-7 59,-5 59,-6 59,-9 59,-10 59,-15 59,-8 59,-14 59,-8 59,-8 59,-15 59,-6 59,-11 59,-8 59,-7 59,-14 59,-7 59,-6 59,-7 59,-7 59,-8 59,-8 59,-14 59,-11 59,-8 59,-14 59,-10 59,-8 59,-13 59,-8 59,-6 59,-7 59,-6 59,-6 59,-24 59,-11 59,-12 59,-20 59,-15 59,-11 59,-15 44,0 59,-14 59,-7 59,-9 59,-11 59,-7 59,-24 59,-10 59,-12 59,-17 59,-15 59,-11 59,-19 59,-13 59,-11 59,-15 59,-18 59,-16 59,-21 59,-15 59,-12 59,-22 59,-18 59,-9 36,8 59,-17 59,-18 59,-16 59,-15 59,-13 33,19 59,-8 59,-16 59,-11 59,-15 59,-13 59,-13 59,-14 59,-19 59,-16 59,-19 59,-14 59,-20 59,-12 59,-18 48,-16 59,-23 59,-10 59,-12 59,-16 59,-14 59,-10 59,-7 59,-12 59,-11 59,-15 59,-23 59,-15 59,-19 59,-23 59,-21 59,-16 36,0 59,-17 59,-15 59,-24 59,-14 59,-18 59,-9 59,-8 59,-21 54,-10 59,-11 59,-9 59,-12 59,-19 59,-20 59,-12 59,-9 
