21
1
1
126
13|14|15|17|18|19|20|21|22|24|25|26|28|30|44|50|51|52|55|57|67|68|69|73|82|83|84|85|87|98|99|100|101|102|103|104|105|106|111|112|130|131|135|143|148|149|150|154|155|156|163|165|166|168|169|171|172|173|175|176|177|178|179|180|182|183|185|186|187|190|207|215|219|225|227|236|237|238|239|240|241|242|243|244|245|246|247|248|249|252|254|256|268|269|270|272|273|277|278|279|280|281|299|300|301|302|303|304|305|306|307|308|309|313|314|384|386|387|404|405|406|408|417|419|420|421
55,-1 59,-5 59,-5 59,-4 59,-4 59,-6 59,-5 59,-8 59,-6 32,18 59,-10 59,-5 59,-5 59,-8 59,-6 59,-7 59,-1 59,-4 59,-2 51,0 59,-1 59,-1 59,-4 59,-9 59,-10 59,-3 59,-10 59,-9 59,-10 59,-8 59,-6 59,-3 59,-3 59,-7 59,-7 59,-2 59,-5 59,-10 59,-10 59,-1 59,-21 59,-10 59,-9 38,6 59,-14 59,-10 59,-18 59,-6 59,-16 59,-9 59,-4 59,-2 59,-4 59,-3 59,-14 59,-11 59,-9 59,-16 59,-10 59,-10 59,-7 59,-12 59,-9 59,-8 59,-22 59,-11 59,-21 59,-9 59,-21 59,-13 59,-13 59,-18 59,-16 59,-22 59,-15 59,-2 59,-8 59,-3 59,-4 59,-15 59,-18 59,-19 59,-11 31,11 59,-17 59,-18 59,-17 59,-16 59,-13 59,-21 59,-18 59,-19 59,-7 59,-16 59,-3 59,-4 59,-18 59,-8 59,-8 59,-3 59,-9 59,-9 59,-16 59,-14 59,-17 59,-13 59,-14 59,-11 59,-17 59,-12 36,14 59,-16 59,-10 59,-12 59,-8 59,-15 59,-8 59,-19 59,-10 59,-3 59,-5 59,-3 59,-7 59,-10 59,-14 59,-17 
59,-5 48,6 59,-5 59,-4 59,-4 59,-6 59,-5 59,-8 59,-6 59,-9 59,-10 59,-5 59,-5 59,-8 59,-6 59,-7 59,-1 59,-4 59,-2 59,-8 59,-1 59,-1 59,-4 59,-9 59,-10 22,34 59,-10 59,-9 59,-10 59,-8 59,-6 59,-3 59,-3 59,-7 59,-7 59,-2 59,-5 59,-10 59,-10 49,9 59,-21 59,-10 59,-9 59,-15 59,-14 59,-10 59,-18 59,-6 59,-16 59,-9 59,-4 59,-2 59,-4 59,-3 59,-14 59,-11 59,-9 59,-16 59,-10 59,-10 59,-7 59,-12 59,-9 59,-8 59,-22 59,-11 59,-21 59,-9 59,-21 59,-13 59,-13 59,-18 59,-16 59,-22 59,-15 59,-2 59,-8 59,-3 59,-4 59,-15 59,-18 59,-19 20,28 59,-17 59,-17 59,-18 59,-17 25,18 59,-13 59,-21 59,-18 59,-19 59,-7 59,-16 59,-3 59,-4 59,-18 59,-8 59,-8 59,-3 59,-9 59,-9 59,-16 59,-14 59,-17 59,-13 59,-14 59,-11 59,-17 59,-12 59,-9 59,-16 59,-10 59,-12 59,-8 59,-15 59,-8 59,-19 59,-10 59,-3 59,-5 59,-3 59,-7 59,-10 59,-14 51,-9 
59,-5 59,-5 55,-1 59,-4 59,-4 59,-6 59,-5 59,-8 59,-6 59,-9 59,-10 59,-5 59,-5 59,-8 59,-6 59,-7 59,-1 59,-4 51,6 59,-8 59,-1 59,-1 59,-4 59,-9 59,-10 59,-3 59,-10 59,-9 32,17 59,-8 59,-6 59,-3 59,-3 59,-7 59,-7 59,-2 59,-5 59,-10 59,-10 59,-1 59,-21 59,-10 59,-9 59,-15 59,-14 59,-10 59,-18 59,-6 59,-16 59,-9 59,-4 59,-2 59,-4 59,-3 59,-14 59,-11 59,-9 59,-16 59,-10 59,-10 59,-7 59,-12 59,-9 59,-8 59,-22 59,-11 59,-21 59,-9 59,-21 59,-13 38,8 59,-18 59,-16 59,-22 59,-15 59,-2 59,-8 59,-3 59,-4 59,-15 59,-18 59,-19 59,-11 59,-17 59,-17 31,10 59,-17 59,-16 59,-13 59,-21 59,-18 59,-19 59,-7 59,-16 59,-3 59,-4 59,-18 59,-8 59,-8 59,-3 59,-9 59,-9 59,-16 59,-14 59,-17 59,-13 59,-14 59,-11 36,6 59,-12 59,-9 59,-16 59,-10 59,-12 59,-8 59,-15 59,-8 59,-19 59,-10 59,-3 59,-5 59,-3 59,-7 59,-10 59,-14 59,-17 
59,-5 59,-5 59,-5 48,7 59,-4 59,-6 59,-5 59,-8 59,-6 59,-9 59,-10 59,-5 59,-5 59,-8 59,-6 59,-7 59,-1 59,-4 59,-2 59,-8 59,-1 59,-1 59,-4 59,-9 22,27 59,-3 59,-10 59,-9 59,-10 59,-8 59,-6 59,-3 59,-3 59,-7 59,-7 59,-2 59,-5 59,-10 59,-10 59,-1 49,-11 59,-10 59,-9 59,-15 59,-14 59,-10 59,-18 59,-6 59,-16 59,-9 59,-4 59,-2 59,-4 59,-3 59,-14 59,-11 59,-9 59,-16 59,-10 59,-10 59,-7 59,-12 59,-9 59,-8 59,-22 59,-11 59,-21 59,-9 59,-21 59,-13 59,-13 59,-18 59,-16 59,-22 59,-15 59,-2 59,-8 59,-3 59,-4 59,-15 20,21 59,-19 59,-11 59,-17 59,-17 59,-18 59,-17 59,-16 25,21 59,-21 59,-18 59,-19 59,-7 59,-16 59,-3 59,-4 59,-18 59,-8 59,-8 59,-3 59,-9 59,-9 59,-16 59,-14 59,-17 59,-13 59,-14 59,-11 59,-17 59,-12 59,-9 59,-16 59,-10 59,-12 59,-8 59,-15 59,-8 59,-19 59,-10 59,-3 59,-5 59,-3 57,-5 59,-10 59,-14 59,-17 
59,-5 59,-5 59,-5 59,-4 48,7 59,-6 59,-5 59,-8 59,-6 59,-9 59,-10 59,-5 59,-5 59,-8 59,-6 59,-7 59,-1 59,-4 59,-2 59,-8 59,-1 25,33 59,-4 59,-9 59,-10 59,-3 59,-10 59,-9 59,-10 59,-8 59,-6 59,-3 59,-3 59,-7 59,-7 59,-2 59,-5 59,-10 59,-10 59,-1 59,-21 59,-10 59,-9 59,-15 59,-14 59,-10 59,-18 59,-6 59,-16 22,28 59,-4 59,-2 59,-4 59,-3 59,-14 59,-11 59,-9 59,-16 59,-10 59,-10 59,-7 59,-12 59,-9 59,-8 59,-22 59,-11 59,-21 59,-9 59,-21 59,-13 59,-13 59,-18 59,-16 59,-22 59,-15 59,-2 59,-8 59,-3 59,-4 20,24 59,-18 59,-19 59,-11 59,-17 59,-17 59,-18 59,-17 59,-16 59,-13 59,-21 59,-18 59,-19 59,-7 59,-16 59,-3 59,-4 59,-18 59,-8 59,-8 59,-3 59,-9 59,-9 59,-16 59,-14 59,-17 59,-13 59,-14 59,-11 59,-17 59,-12 59,-9 59,-16 59,-10 59,-12 49,2 59,-15 59,-8 59,-19 59,-10 59,-3 59,-5 51,5 59,-7 59,-10 59,-14 59,-17 
59,-5 59,-5 59,-5 59,-4 59,-4 32,21 59,-5 59,-8 59,-6 59,-9 59,-10 59,-5 59,-5 59,-8 59,-6 59,-7 59,-1 59,-4 59,-2 59,-8 59,-1 59,-1 59,-4 59,-9 59,-10 59,-3 59,-10 59,-9 59,-10 59,-8 59,-6 59,-3 59,-3 59,-7 59,-7 59,-2 59,-5 59,-10 59,-10 59,-1 59,-21 59,-10 59,-9 59,-15 59,-14 59,-10 59,-18 59,-6 59,-16 59,-9 59,-4 59,-2 59,-4 59,-3 59,-14 59,-11 59,-9 59,-16 59,-10 59,-10 59,-7 59,-12 59,-9 59,-8 55,-18 59,-11 59,-21 59,-9 59,-21 59,-13 59,-13 59,-18 59,-16 59,-22 59,-15 59,-2 59,-8 59,-3 59,-4 59,-15 59,-18 31,9 59,-11 59,-17 59,-17 59,-18 59,-17 59,-16 59,-13 59,-21 59,-18 38,2 59,-7 59,-16 59,-3 59,-4 59,-18 59,-8 59,-8 59,-3 59,-9 59,-9 34,9 59,-14 59,-17 59,-13 59,-14 59,-11 59,-17 59,-12 59,-9 59,-16 59,-10 59,-12 59,-8 59,-15 59,-8 59,-19 59,-10 59,-3 59,-5 59,-3 59,-7 59,-10 42,3 59,-17 
59,-5 59,-5 59,-5 59,-4 59,-4 59,-6 32,22 59,-8 59,-6 59,-9 59,-10 59,-5 59,-5 59,-8 59,-6 59,-7 59,-1 59,-4 59,-2 59,-8 59,-1 59,-1 59,-4 59,-9 59,-10 59,-3 59,-10 59,-9 59,-10 59,-8 59,-6 59,-3 59,-3 59,-7 59,-7 59,-2 59,-5 59,-10 59,-10 59,-1 59,-21 59,-10 59,-9 59,-15 51,-6 59,-10 59,-18 59,-6 59,-16 59,-9 59,-4 59,-2 59,-4 59,-3 59,-14 59,-11 59,-9 59,-16 59,-10 59,-10 59,-7 59,-12 59,-9 59,-8 59,-22 59,-11 59,-21 59,-9 59,-21 59,-13 59,-13 59,-18 59,-16 59,-22 59,-15 59,-2 59,-8 59,-3 59,-4 59,-15 59,-18 59,-19 59,-11 59,-17 59,-17 59,-18 31,11 59,-16 59,-13 59,-21 59,-18 59,-19 59,-7 59,-16 59,-3 46,9 59,-18 59,-8 59,-8 59,-3 59,-9 59,-9 59,-16 59,-14 59,-17 59,-13 44,1 59,-11 59,-17 59,-12 59,-9 59,-16 59,-10 59,-12 59,-8 38,6 59,-8 59,-19 59,-10 59,-3 59,-5 59,-3 59,-7 59,-10 59,-14 59,-17 
59,-5 59,-5 59,-5 59,-4 59,-4 59,-6 59,-5 25,26 59,-6 59,-9 59,-10 59,-5 59,-5 59,-8 59,-6 59,-7 59,-1 59,-4 59,-2 59,-8 59,-1 59,-1 59,-4 59,-9 59,-10 59,-3 59,-10 59,-9 59,-10 59,-8 59,-6 53,3 59,-3 59,-7 59,-7 59,-2 59,-5 59,-10 59,-10 59,-1 59,-21 49,0 59,-9 59,-15 59,-14 59,-10 59,-18 59,-6 59,-16 59,-9 59,-4 59,-2 59,-4 59,-3 23,22 59,-11 59,-9 59,-16 59,-10 59,-10 59,-7 59,-12 59,-9 45,6 59,-22 59,-11 59,-21 59,-9 59,-21 59,-13 59,-13 59,-18 38,5 59,-22 59,-15 59,-2 59,-8 59,-3 59,-4 59,-15 59,-18 59,-19 59,-11 59,-17 59,-17 59,-18 59,-17 59,-16 59,-13 59,-21 59,-18 59,-19 59,-7 59,-16 59,-3 59,-4 59,-18 59,-8 59,-8 59,-3 59,-9 59,-9 59,-16 59,-14 59,-17 59,-13 59,-14 59,-11 59,-17 59,-12 59,-9 59,-16 59,-10 59,-12 59,-8 59,-15 59,-8 59,-19 59,-10 59,-3 59,-5 59,-3 59,-7 59,-10 59,-14 59,-17 
59,-5 59,-5 59,-5 59,-4 59,-4 59,-6 59,-5 59,-8 25,28 59,-9 59,-10 59,-5 59,-5 59,-8 59,-6 59,-7 59,-1 59,-4 59,-2 59,-8 59,-1 59,-1 59,-4 59,-9 59,-10 59,-3 59,-10 59,-9 59,-10 59,-8 47,6 59,-3 59,-3 59,-7 59,-7 59,-2 59,-5 59,-10 49,0 59,-1 59,-21 59,-10 38,12 59,-15 59,-14 59,-10 59,-18 59,-6 59,-16 59,-9 59,-4 59,-2 17,38 59,-3 59,-14 59,-11 59,-9 59,-16 59,-10 59,-10 59,-7 59,-12 59,-9 59,-8 59,-22 59,-11 59,-21 59,-9 59,-21 59,-13 59,-13 59,-18 59,-16 59,-22 59,-15 59,-2 59,-8 59,-3 59,-4 59,-15 59,-18 59,-19 59,-11 59,-17 59,-17 59,-18 59,-17 59,-16 59,-13 59,-21 59,-18 59,-19 59,-7 59,-16 59,-3 59,-4 59,-18 59,-8 59,-8 59,-3 45,5 59,-9 59,-16 59,-14 59,-17 59,-13 59,-14 59,-11 59,-17 59,-12 59,-9 59,-16 59,-10 59,-12 59,-8 59,-15 59,-8 59,-19 59,-10 59,-3 59,-5 59,-3 59,-7 59,-10 59,-14 59,-17 
59,-5 59,-5 59,-5 59,-4 59,-4 59,-6 59,-5 59,-8 59,-6 59,-9 32,17 59,-5 59,-5 59,-8 59,-6 59,-7 59,-1 59,-4 59,-2 59,-8 59,-1 59,-1 59,-4 59,-9 59,-10 59,-3 59,-10 59,-9 59,-10 59,-8 59,-6 59,-3 59,-3 59,-7 59,-7 59,-2 59,-5 59,-10 59,-10 59,-1 59,-21 59,-10 59,-9 59,-15 59,-14 59,-10 59,-18 59,-6 59,-16 59,-9 59,-4 59,-2 59,-4 59,-3 59,-14 59,-11 59,-9 59,-16 59,-10 59,-10 59,-7 59,-12 59,-9 59,-8 59,-22 55,-7 59,-21 59,-9 59,-21 59,-13 59,-13 59,-18 59,-16 59,-22 38,6 59,-2 59,-8 59,-3 59,-4 59,-15 59,-18 59,-19 59,-11 59,-17 31,11 59,-18 59,-17 59,-16 59,-13 59,-21 59,-18 59,-19 59,-7 59,-16 59,-3 59,-4 59,-18 59,-8 59,-8 59,-3 59,-9 59,-9 59,-16 59,-14 59,-17 59,-13 59,-14 31,17 59,-17 59,-12 59,-9 59,-16 59,-10 59,-12 59,-8 59,-15 59,-8 59,-19 59,-10 59,-3 42,12 59,-3 59,-7 59,-10 59,-14 59,-17 
59,-5 59,-5 59,-5 59,-4 59,-4 59,-6 59,-5 59,-8 59,-6 59,-9 59,-10 30,24 59,-5 59,-8 59,-6 59,-7 59,-1 59,-4 59,-2 59,-8 59,-1 59,-1 59,-4 38,12 59,-10 59,-3 59,-10 59,-9 59,-10 47,4 59,-6 59,-3 59,-3 59,-7 59,-7 59,-2 59,-5 59,-10 59,-10 59,-1 59,-21 59,-10 59,-9 59,-15 59,-14 59,-10 59,-18 59,-6 59,-16 59,-9 36,19 59,-2 59,-4 59,-3 59,-14 59,-11 59,-9 59,-16 59,-10 59,-10 59,-7 59,-12 45,5 59,-8 59,-22 59,-11 59,-21 59,-9 59,-21 59,-13 59,-13 59,-18 59,-16 59,-22 59,-15 59,-2 59,-8 59,-3 59,-4 59,-15 59,-18 59,-19 59,-11 59,-17 59,-17 59,-18 59,-17 59,-16 59,-13 59,-21 59,-18 59,-19 59,-7 59,-16 59,-3 59,-4 59,-18 59,-8 59,-8 59,-3 59,-9 59,-9 59,-16 49,-4 59,-17 59,-13 59,-14 59,-11 59,-17 59,-12 59,-9 59,-16 59,-10 59,-12 59,-8 59,-15 59,-8 59,-19 59,-10 59,-3 59,-5 59,-3 59,-7 59,-10 59,-14 59,-17 
59,-5 59,-5 59,-5 59,-4 59,-4 59,-6 59,-5 59,-8 59,-6 59,-9 59,-10 59,-5 25,29 59,-8 59,-6 59,-7 59,-1 59,-4 59,-2 59,-8 59,-1 59,-1 59,-4 59,-9 59,-10 59,-3 59,-10 59,-9 59,-10 59,-8 59,-6 59,-3 59,-3 59,-7 59,-7 59,-2 59,-5 53,-4 59,-10 59,-1 59,-21 59,-10 59,-9 59,-15 59,-14 59,-10 49,-8 59,-6 59,-16 59,-9 59,-4 59,-2 59,-4 59,-3 59,-14 59,-11 23,27 59,-16 59,-10 59,-10 59,-7 59,-12 59,-9 59,-8 59,-22 59,-11 59,-21 59,-9 59,-21 59,-13 59,-13 59,-18 59,-16 38,-1 59,-15 59,-2 59,-8 59,-3 59,-4 59,-15 59,-18 59,-19 59,-11 59,-17 59,-17 59,-18 59,-17 59,-16 59,-13 59,-21 59,-18 59,-19 59,-7 59,-16 59,-3 59,-4 59,-18 59,-8 45,6 59,-3 59,-9 59,-9 59,-16 59,-14 59,-17 59,-13 59,-14 59,-11 59,-17 59,-12 59,-9 59,-16 59,-10 59,-12 59,-8 59,-15 59,-8 59,-19 59,-10 59,-3 59,-5 59,-3 59,-7 59,-10 59,-14 59,-17 
59,-5 59,-10 59,-10 59,-9 59,-9 59,-11 59,-10 59,-13 59,-11 59,-14 59,-15 59,-10 59,-10 30,16 59,-11 59,-12 59,-6 59,-9 59,-7 59,-13 59,-6 59,-6 59,-9 59,-14 59,-15 59,-8 59,-15 59,-14 59,-15 59,-13 59,-11 59,-8 59,-8 59,-12 53,-6 59,-7 59,-10 59,-15 59,-15 59,-6 59,-21 59,-10 59,-9 59,-20 59,-19 59,-15 59,-23 59,-11 59,-21 59,-14 59,-9 26,26 59,-9 59,-8 59,-19 59,-16 59,-14 59,-21 59,-15 59,-15 49,-2 59,-17 59,-14 59,-13 59,-27 59,-16 59,-26 59,-14 59,-26 59,-18 59,-18 59,-23 59,-21 59,-27 59,-20 59,-7 59,-13 59,-8 59,-9 59,-20 59,-23 59,-24 59,-16 59,-22 59,-22 59,-23 59,-22 59,-21 59,-18 59,-26 38,-2 59,-24 59,-12 59,-21 59,-8 59,-9 59,-23 59,-13 59,-13 59,-8 59,-14 45,0 59,-21 59,-19 59,-22 59,-18 59,-19 59,-16 59,-22 59,-17 59,-14 59,-21 59,-15 59,-12 59,-13 59,-20 59,-13 59,-24 59,-15 59,-8 59,-10 59,-8 59,-12 59,-15 59,-19 59,-22 
59,-10 59,-5 59,-10 59,-9 59,-9 59,-11 59,-10 59,-13 59,-11 59,-14 59,-15 59,-10 59,-10 59,-13 25,23 59,-12 59,-6 59,-9 59,-7 59,-13 59,-6 59,-6 59,-9 59,-14 59,-15 59,-8 22,22 59,-14 59,-15 59,-13 59,-11 59,-8 59,-8 59,-12 59,-12 59,-7 59,-10 59,-15 59,-15 59,-6 59,-26 59,-15 59,-14 59,-15 59,-14 59,-10 59,-23 59,-11 59,-21 59,-14 59,-9 59,-7 59,-9 59,-8 59,-19 59,-16 59,-14 59,-21 59,-15 59,-15 59,-12 51,-9 59,-14 59,-13 59,-27 59,-16 59,-26 59,-14 59,-26 59,-18 59,-18 59,-23 59,-21 59,-27 59,-20 20,32 59,-13 59,-8 59,-9 59,-20 59,-23 59,-24 59,-16 59,-22 59,-22 59,-23 59,-22 59,-21 59,-18 59,-26 59,-23 59,-24 59,-12 59,-21 59,-8 59,-9 48,-12 59,-13 59,-13 59,-8 59,-14 59,-14 59,-21 59,-19 59,-22 59,-18 59,-19 59,-16 59,-22 59,-17 59,-14 59,-21 57,-13 59,-17 59,-8 59,-20 59,-13 59,-24 59,-15 59,-8 59,-10 59,-8 59,-12 59,-15 59,-19 59,-22 
59,-10 59,-10 59,-5 59,-9 59,-9 59,-11 59,-10 59,-13 59,-11 59,-14 59,-15 59,-10 59,-10 59,-13 59,-11 25,22 59,-6 59,-9 59,-7 59,-13 59,-6 59,-6 59,-9 59,-14 59,-15 59,-8 59,-15 59,-14 59,-15 59,-13 59,-11 59,-8 59,-8 59,-12 59,-12 47,5 59,-10 59,-15 59,-15 59,-6 59,-26 59,-15 59,-14 59,-20 59,-19 59,-15 59,-18 59,-6 59,-16 59,-9 59,-9 59,-7 59,-9 14,37 59,-19 59,-16 59,-14 59,-21 59,-15 59,-15 59,-12 59,-17 59,-14 59,-13 59,-27 59,-16 59,-26 59,-14 30,3 59,-18 59,-18 59,-18 59,-21 59,-27 59,-20 59,-7 59,-13 59,-8 59,-9 59,-20 59,-23 59,-24 59,-16 59,-22 59,-22 59,-23 59,-22 59,-21 59,-18 59,-26 59,-23 59,-24 59,-12 59,-21 59,-8 59,-9 59,-23 45,1 59,-13 59,-8 59,-14 59,-14 59,-21 59,-19 59,-22 59,-18 59,-19 59,-16 59,-22 59,-17 59,-14 59,-21 59,-15 49,-7 59,-13 59,-20 59,-13 59,-24 59,-15 59,-8 59,-10 59,-8 59,-12 59,-15 59,-19 59,-22 
59,-5 59,-5 59,-5 59,-4 59,-4 59,-6 59,-5 59,-8 59,-6 59,-9 59,-10 59,-5 59,-5 59,-8 59,-6 59,-7 38,20 59,-4 59,-2 59,-8 59,-1 59,-1 59,-4 59,-9 59,-10 59,-3 59,-10 59,-9 59,-10 59,-8 59,-6 59,-3 59,-3 59,-7 59,-7 59,-2 59,-5 59,-10 59,-10 59,-1 59,-21 59,-10 59,-9 59,-15 59,-14 59,-10 59,-18 59,-6 32,11 59,-9 59,-4 59,-2 59,-4 59,-3 59,-14 59,-11 59,-9 59,-16 59,-10 59,-10 59,-7 59,-12 59,-9 59,-8 59,-22 59,-11 59,-21 59,-9 59,-21 59,-13 59,-13 59,-18 59,-16 59,-22 59,-15 59,-2 59,-8 59,-3 23,32 59,-15 59,-18 59,-19 59,-11 59,-17 59,-17 59,-18 59,-17 59,-16 59,-13 59,-21 59,-18 59,-19 59,-7 55,-12 59,-3 59,-4 59,-18 59,-8 59,-8 59,-3 59,-9 59,-9 59,-16 59,-14 49,-7 59,-13 59,-14 59,-11 59,-17 59,-12 59,-9 59,-16 59,-10 59,-12 59,-8 59,-15 59,-8 59,-19 59,-10 51,5 59,-5 59,-3 59,-7 59,-10 59,-14 59,-17 
59,-9 59,-9 59,-9 59,-4 59,-8 59,-10 59,-9 59,-12 59,-10 59,-13 59,-14 59,-9 59,-9 59,-12 59,-10 59,-11 59,-5 25,26 59,-6 59,-12 59,-5 59,-5 59,-8 59,-13 59,-14 59,-7 59,-14 22,24 59,-14 59,-12 59,-10 59,-7 59,-7 59,-11 59,-11 59,-6 59,-9 59,-14 59,-14 59,-5 59,-25 59,-14 59,-13 59,-19 59,-18 49,-4 59,-22 59,-10 59,-20 59,-13 59,-8 59,-6 59,-8 59,-7 59,-18 59,-11 59,-9 59,-16 59,-10 59,-10 59,-7 59,-12 59,-9 59,-12 59,-26 59,-15 59,-25 59,-13 59,-25 59,-17 59,-17 59,-22 59,-20 59,-26 59,-19 59,-6 20,27 59,-7 59,-8 59,-19 59,-22 59,-23 59,-15 59,-21 59,-21 59,-22 59,-21 59,-20 59,-17 59,-25 59,-22 59,-23 59,-11 59,-20 48,4 59,-8 59,-22 59,-12 59,-12 59,-7 59,-13 59,-13 59,-20 59,-18 59,-21 59,-17 59,-18 59,-15 59,-21 59,-16 59,-13 59,-20 59,-14 59,-16 59,-12 59,-19 59,-12 59,-23 59,-14 59,-7 59,-9 59,-7 59,-7 57,-12 59,-18 59,-21 
59,-9 59,-9 59,-9 59,-8 59,-4 59,-10 59,-9 59,-12 59,-10 59,-13 59,-14 59,-9 59,-9 59,-12 59,-10 59,-11 59,-5 59,-8 59,-6 59,-12 25,29 59,-5 59,-8 59,-13 59,-14 59,-7 59,-14 59,-13 59,-14 59,-12 59,-10 59,-7 47,5 59,-11 59,-11 59,-6 59,-9 59,-14 59,-14 59,-5 59,-25 59,-14 59,-13 59,-19 59,-18 59,-14 59,-22 59,-10 59,-20 59,-13 59,-8 59,-6 59,-8 59,-7 59,-18 59,-15 59,-13 59,-20 14,31 59,-14 59,-11 59,-16 59,-13 59,-8 59,-22 59,-11 30,8 59,-9 59,-21 59,-17 59,-17 59,-22 59,-20 59,-26 59,-19 59,-6 59,-12 59,-7 59,-8 59,-19 59,-22 59,-23 59,-15 59,-21 59,-21 59,-22 59,-21 59,-20 59,-17 59,-25 59,-22 59,-23 59,-11 59,-20 59,-7 59,-8 59,-22 59,-12 59,-12 59,-7 59,-13 59,-13 59,-20 59,-18 59,-21 59,-17 59,-18 59,-15 59,-21 59,-16 59,-13 49,-10 59,-14 59,-16 59,-12 59,-19 59,-12 45,-9 59,-14 59,-7 59,-9 59,-7 59,-11 59,-14 59,-18 59,-21 
59,-11 59,-11 59,-11 59,-10 59,-10 59,-6 59,-11 59,-14 59,-12 59,-15 59,-16 59,-11 59,-11 59,-14 59,-12 59,-13 59,-7 59,-10 59,-8 59,-14 59,-7 59,-7 38,11 59,-15 59,-16 59,-9 59,-16 59,-15 59,-16 59,-14 59,-12 59,-9 59,-9 47,-1 59,-13 59,-8 59,-11 59,-16 59,-16 59,-7 59,-27 59,-16 59,-15 59,-21 59,-20 59,-16 59,-24 59,-12 59,-22 59,-15 59,-10 59,-8 59,-10 59,-9 59,-20 59,-17 59,-15 30,7 59,-16 59,-16 59,-13 59,-18 59,-15 59,-14 59,-28 59,-17 59,-27 30,14 59,-27 59,-13 59,-19 59,-24 59,-16 59,-28 59,-21 59,-8 59,-14 59,-9 59,-10 59,-21 59,-24 59,-25 59,-17 59,-23 59,-23 59,-24 59,-23 59,-22 59,-19 59,-27 59,-24 59,-25 59,-13 59,-22 59,-9 59,-10 59,-24 59,-14 59,-14 59,-9 59,-15 59,-15 59,-22 59,-20 59,-23 49,-9 59,-20 59,-17 59,-23 59,-18 59,-15 59,-22 59,-16 59,-18 59,-14 59,-21 45,0 59,-25 59,-16 59,-9 59,-11 59,-9 59,-13 59,-10 59,-20 59,-23 
59,-10 59,-10 59,-10 59,-9 59,-9 59,-11 59,-5 59,-13 59,-11 59,-14 59,-15 59,-10 59,-10 59,-13 59,-11 59,-12 59,-6 59,-9 59,-7 59,-13 59,-6 59,-6 59,-9 59,-14 59,-15 59,-8 59,-15 59,-14 59,-15 59,-13 59,-11 59,-8 59,-8 59,-12 59,-12 59,-7 53,-4 59,-15 59,-15 59,-6 59,-26 59,-15 59,-14 59,-20 59,-19 59,-15 59,-23 59,-11 59,-21 59,-14 59,-9 59,-7 59,-9 59,-8 59,-19 20,23 59,-14 59,-21 59,-15 49,-5 59,-12 59,-17 59,-14 59,-13 59,-27 59,-16 59,-26 59,-14 59,-26 30,11 59,-13 59,-23 59,-21 59,-27 59,-20 59,-7 59,-13 59,-8 59,-9 59,-20 59,-23 59,-24 59,-16 59,-22 59,-22 59,-23 59,-22 59,-21 59,-18 25,8 59,-23 59,-24 59,-12 59,-21 59,-8 59,-9 59,-23 59,-13 59,-13 45,6 59,-14 59,-14 59,-21 59,-19 59,-22 59,-18 59,-19 59,-16 59,-22 59,-17 59,-14 59,-21 59,-15 59,-17 59,-13 59,-20 59,-13 59,-24 59,-15 59,-8 59,-10 59,-8 59,-12 59,-15 59,-14 59,-22 
59,-13 59,-13 59,-13 59,-12 59,-12 59,-14 59,-13 59,-8 59,-14 59,-17 59,-18 59,-13 59,-13 59,-16 59,-14 59,-15 59,-9 59,-12 59,-10 59,-16 59,-9 59,-9 59,-12 59,-17 59,-18 59,-11 59,-18 59,-17 59,-18 59,-16 59,-14 59,-11 59,-11 59,-15 59,-15 59,-10 59,-13 59,-18 59,-18 59,-9 59,-29 59,-18 59,-17 59,-23 59,-22 59,-18 59,-26 32,13 59,-24 59,-17 59,-12 59,-10 59,-12 59,-11 59,-22 59,-19 59,-17 59,-24 59,-18 59,-18 59,-15 59,-20 59,-17 59,-16 59,-30 59,-19 59,-29 59,-17 59,-29 59,-21 59,-21 38,3 59,-16 59,-30 59,-23 59,-10 59,-16 31,17 59,-12 59,-23 59,-26 59,-27 59,-19 59,-25 59,-25 59,-26 59,-25 59,-24 59,-21 59,-29 59,-26 59,-27 55,-11 59,-24 59,-11 59,-12 59,-26 59,-16 59,-16 59,-11 59,-17 59,-17 59,-24 59,-22 59,-25 59,-21 59,-22 59,-19 59,-25 36,3 59,-17 59,-24 59,-18 59,-20 59,-16 59,-23 59,-16 59,-27 51,-10 59,-11 59,-13 59,-11 59,-15 59,-18 59,-22 59,-17 
