6
1
1
60
130|131|132|133|134|135|16|17|18|21|22|23|36|37|38|39|168|169|170|167|166|165|48|49|50|51|52|53|54|55|56|57|58|59|60|61|62|63|70|71|81|82|83|84|85|86|92|93|94|95|96|97|98|99|109|110|111|112|113|114
86,-4 86,-6 86,-5 86,-8 86,-6 60,17 86,-8 86,-9 86,-9 86,-10 86,-3 66,15 86,-5 86,-5 86,-5 86,-6 86,-16 86,-16 70,-2 86,-11 86,-12 86,-17 86,-9 86,-4 86,-7 86,-5 86,-5 86,-8 86,-9 86,-1 86,-5 44,39 86,-5 86,-9 86,-5 86,-6 86,-7 52,30 86,-6 51,32 86,-4 86,-3 86,-8 86,-5 86,-9 83,-1 86,-8 86,-5 86,-8 86,-10 86,-4 85,-2 86,-4 78,4 86,-6 86,-1 86,-9 86,-8 86,-4 82,-5 
86,-4 86,-6 86,-5 86,-8 60,20 86,-9 86,-8 86,-9 86,-9 86,-10 66,17 86,-5 86,-5 86,-5 86,-5 86,-6 86,-16 70,0 86,-18 86,-11 86,-12 86,-17 86,-9 86,-4 86,-7 86,-5 86,-5 86,-8 86,-9 86,-1 44,37 86,-3 86,-5 86,-9 86,-5 86,-6 52,27 86,-4 51,29 86,-3 86,-4 86,-3 86,-8 86,-5 83,-6 86,-4 86,-8 86,-5 86,-8 86,-10 85,-3 86,-3 78,4 86,-4 86,-6 86,-1 86,-9 86,-8 82,0 86,-9 
86,-4 86,-6 86,-5 77,1 86,-6 86,-9 86,-8 86,-9 86,-9 66,10 86,-3 86,-5 86,-5 86,-5 86,-5 61,19 72,-2 86,-16 86,-18 86,-11 86,-12 86,-17 86,-9 86,-4 86,-7 86,-5 74,7 86,-8 86,-9 79,6 86,-5 86,-3 86,-5 86,-9 86,-5 67,13 86,-7 86,-4 86,-6 86,-3 86,-4 86,-3 86,-8 83,-2 86,-9 86,-4 86,-8 86,-5 86,-8 85,-9 86,-4 86,-3 86,-4 86,-4 86,-6 86,-1 86,-9 82,-4 86,-4 86,-9 
86,-4 86,-6 77,4 86,-8 86,-6 86,-9 86,-8 86,-9 66,11 86,-10 86,-3 86,-5 86,-5 86,-5 61,20 86,-6 86,-16 86,-16 86,-18 72,3 86,-12 86,-17 86,-9 86,-4 86,-7 74,7 86,-5 86,-8 79,-2 86,-1 86,-5 86,-3 86,-5 86,-9 67,14 86,-6 86,-7 86,-4 86,-6 86,-3 86,-4 86,-3 83,-5 86,-5 86,-9 86,-4 86,-8 86,-5 85,-7 86,-10 86,-4 86,-3 86,-4 86,-4 86,-6 86,-1 82,-5 86,-8 86,-4 86,-9 
86,-4 77,3 86,-5 86,-8 86,-6 86,-9 86,-8 66,11 86,-9 86,-10 86,-3 86,-5 86,-5 61,20 86,-5 86,-6 86,-16 86,-16 86,-18 86,-11 72,2 86,-17 86,-9 86,-4 74,5 86,-5 86,-5 79,-1 86,-9 86,-1 86,-5 86,-3 86,-5 67,10 86,-5 86,-6 86,-7 86,-4 86,-6 86,-3 86,-4 83,0 86,-8 86,-5 86,-9 86,-4 86,-8 85,-4 86,-8 86,-10 86,-4 86,-3 86,-4 86,-4 86,-6 82,3 86,-9 86,-8 86,-4 86,-9 
62,20 86,-6 86,-5 86,-8 86,-6 86,-9 66,12 86,-9 86,-9 86,-10 86,-3 86,-5 78,3 86,-5 86,-5 86,-6 86,-16 86,-16 86,-18 86,-11 86,-12 72,-3 62,15 57,25 86,-7 86,-5 86,-5 86,-8 86,-9 86,-1 86,-5 86,-3 67,14 86,-9 86,-5 86,-6 86,-7 86,-4 86,-6 86,-3 83,-1 86,-3 86,-8 86,-5 86,-9 86,-4 85,-7 86,-5 86,-8 86,-10 86,-4 86,-3 86,-4 86,-4 82,-2 86,-1 86,-9 86,-8 86,-4 86,-9 
