6
1
1
60
130|131|132|133|134|135|138|140|142|144|18|21|23|158|32|37|38|167|39|169|170|43|40|45|166|41|44|49|50|52|57|59|61|165|64|65|67|68|70|78|79|168|82|83|84|86|87|88|89|93|94|96|102|105|106|107|109|112|114|115
86,-4 59,21 86,-13 86,-8 86,-6 86,-9 86,-9 86,-9 86,-1 86,-12 66,11 86,-10 86,-5 86,-10 78,0 86,-5 86,-5 72,6 86,-6 86,-8 86,-9 86,-3 86,-8 70,9 86,-4 86,-6 86,-3 86,-4 86,-7 57,24 86,-3 86,-9 86,-6 86,-11 59,20 86,-2 86,-5 86,-10 86,-6 86,-2 86,-8 86,-18 83,0 86,-8 86,-5 86,-4 85,-2 86,-4 86,-1 86,-5 86,-8 86,-4 86,-6 86,-9 86,-10 86,-2 86,-6 82,-4 86,-9 86,-2 
86,-4 86,-6 86,-13 86,-8 86,-6 60,17 86,-9 86,-9 86,-1 68,6 86,-9 68,8 86,-5 86,-10 86,-8 61,20 86,-5 86,-8 86,-6 70,8 86,-9 86,-3 86,-8 86,-7 86,-4 86,-6 86,-3 86,-4 86,-7 86,-5 64,19 55,22 86,-6 86,-11 86,-7 86,-2 86,-5 86,-10 86,-6 86,-2 86,-8 86,-18 86,-3 86,-8 86,-5 83,-1 86,-3 85,-3 86,-1 86,-5 86,-8 86,-4 86,-6 86,-9 86,-10 82,2 86,-6 86,-8 86,-9 86,-2 
86,-4 86,-6 86,-13 86,-8 60,20 86,-9 86,-9 86,-9 86,-1 86,-12 86,-9 86,-10 66,15 86,-10 86,-8 86,-5 60,21 86,-8 86,-6 86,-8 70,7 62,21 86,-8 86,-7 86,-4 86,-6 86,-3 86,-4 86,-7 86,-5 86,-3 86,-9 71,9 86,-11 86,-7 86,-2 86,-5 71,5 86,-6 83,1 86,-8 86,-18 86,-3 86,-8 86,-5 86,-4 86,-3 86,-4 86,-1 85,-4 86,-8 86,-4 86,-6 86,-9 86,-10 86,-2 82,-2 86,-8 86,-9 86,-2 
86,-4 86,-6 86,-13 60,18 86,-6 86,-9 86,-9 86,-9 66,19 86,-12 86,-9 86,-10 86,-5 86,-10 86,-8 86,-5 86,-5 86,-8 61,19 86,-8 86,-9 86,-3 35,43 86,-7 72,10 86,-6 86,-3 86,-4 86,-7 86,-5 86,-3 86,-9 86,-6 86,-11 86,-7 62,22 86,-5 86,-10 86,-6 86,-2 83,-5 86,-18 86,-3 86,-8 86,-5 86,-4 86,-3 86,-4 86,-1 86,-5 86,-8 85,-3 86,-6 86,-9 86,-10 86,-2 86,-6 86,-8 82,-5 74,10 
86,-4 86,-6 59,14 86,-8 86,-6 86,-9 86,-9 66,11 86,-1 86,-12 86,-9 86,-10 86,-5 78,-2 86,-8 86,-5 86,-5 86,-8 86,-6 86,-8 86,-9 86,-3 86,-8 86,-7 86,-4 70,10 86,-3 57,25 86,-7 86,-5 86,-3 86,-9 86,-6 72,3 86,-7 86,-2 86,-5 86,-10 59,21 86,-2 86,-8 86,-18 86,-3 86,-8 83,-2 86,-4 86,-3 86,-4 85,0 86,-5 86,-8 86,-4 86,-6 82,-5 86,-10 86,-2 86,-6 86,-8 86,-9 86,-2 
59,23 86,-6 86,-13 86,-8 86,-6 86,-9 66,11 86,-9 86,-1 86,-12 86,-9 86,-10 86,-5 86,-10 86,-8 86,-5 86,-5 86,-8 86,-6 86,-8 86,-9 86,-3 86,-8 86,-7 86,-4 86,-6 70,13 86,-4 57,22 86,-5 86,-3 86,-9 86,-6 86,-11 86,-7 86,-2 59,22 86,-10 86,-6 86,-2 86,-8 72,-4 86,-3 83,-5 86,-5 86,-4 86,-3 86,-4 86,-1 86,-5 85,-7 86,-4 78,2 86,-9 82,-6 86,-2 86,-6 86,-8 86,-9 86,-2 
