9
1
1
36
5|6|7|9|10|11|12|17|18|19|20|21|22|23|25|31|32|33|34|35|39|40|41|62|63|64|65|66|67|68|69|73|86|87|88|91
13,0 16,-4 16,-2 16,-7 16,-10 16,-9 16,-4 15,-11 16,-7 16,-12 16,-3 16,-9 16,-6 16,-7 16,-10 16,-8 16,-5 16,-4 16,-10 16,-7 16,-13 16,-5 16,-8 16,-7 16,-10 16,-13 16,-16 16,-14 16,-11 16,-7 12,-12 16,-7 16,-10 16,-8 8,0 16,-15 
16,-3 13,-1 16,-2 16,-7 16,-10 16,-9 16,-4 16,-12 16,-7 16,-12 16,-3 16,-9 7,3 16,-7 16,-10 16,-8 16,-5 16,-4 8,-2 16,-7 16,-13 16,-5 16,-8 16,-7 16,-10 16,-13 12,-12 16,-14 16,-11 16,-7 16,-16 16,-7 16,-10 16,-8 16,-8 16,-15 
16,-3 16,-4 13,1 16,-7 16,-10 16,-9 16,-4 16,-12 16,-7 15,-11 16,-3 16,-9 16,-6 16,-7 16,-10 16,-8 8,3 16,-4 16,-10 16,-7 16,-13 16,-5 16,-8 16,-7 16,-10 12,-9 16,-16 16,-14 16,-11 16,-7 16,-16 16,-7 16,-10 16,-8 16,-8 16,-15 
16,-3 16,-4 16,-2 13,-4 16,-10 16,-9 16,-4 16,-12 16,-7 16,-12 16,-3 16,-9 16,-6 16,-7 16,-10 16,-8 16,-5 16,-4 16,-10 8,1 16,-13 16,-5 16,-8 12,-3 16,-10 16,-13 16,-16 16,-14 16,-11 16,-7 16,-16 16,-7 16,-10 7,1 16,-8 16,-15 
16,-3 16,-7 16,-5 16,-10 13,-10 16,-12 16,-7 16,-15 16,-10 16,-15 16,-6 16,-12 16,-9 16,-10 15,-9 16,-11 16,-8 16,-7 16,-13 16,-7 16,-16 8,0 16,-11 16,-10 16,-13 16,-16 16,-16 16,-17 16,-14 12,-6 16,-19 16,-10 16,-13 16,-11 16,-11 16,-18 
16,-7 16,-4 16,-6 16,-11 16,-14 13,-10 16,-8 16,-16 16,-11 16,-16 16,-7 16,-13 16,-10 15,-10 16,-14 16,-12 16,-9 16,-8 16,-14 16,-11 8,-9 16,-9 16,-12 16,-7 16,-10 16,-13 16,-16 16,-14 16,-11 16,-7 16,-16 16,-11 16,-10 16,-12 16,-12 12,-15 
16,-5 16,-6 16,-2 16,-9 16,-12 16,-11 13,-3 16,-12 16,-9 16,-14 15,-4 16,-11 16,-8 16,-9 16,-12 16,-10 16,-7 16,-6 16,-12 16,-9 16,-15 16,-7 8,-2 16,-9 16,-12 16,-15 16,-18 16,-16 12,-7 16,-9 16,-18 16,-7 16,-12 16,-8 16,-10 16,-17 
16,-3 16,-4 16,-2 16,-7 16,-10 16,-9 16,-4 16,-12 15,-6 16,-12 16,-3 16,-9 16,-6 16,-7 16,-10 16,-8 16,-5 8,4 16,-10 16,-7 16,-13 16,-5 16,-8 16,-7 16,-10 16,-13 16,-16 12,-10 16,-11 16,-7 16,-16 13,-4 16,-10 16,-8 16,-8 16,-15 
16,-10 16,-11 16,-9 16,-7 16,-17 16,-16 16,-11 16,-19 16,-14 16,-12 16,-10 15,-15 16,-13 16,-14 16,-17 8,-7 16,-12 16,-11 16,-17 16,-14 16,-13 16,-12 16,-15 16,-14 12,-13 16,-20 16,-23 16,-21 16,-18 16,-14 16,-16 16,-14 13,-14 16,-15 16,-15 16,-15 
