7
1
1
28
7|8|9|10|17|23|25|31|32|33|34|35|36|39|40|41|63|64|65|66|67|69|72|73|74|87|88|91
13,1 16,-8 16,-7 16,-10 16,-12 16,-7 16,-7 16,-8 16,-5 16,-4 15,-9 16,-4 16,-5 16,-13 16,-5 7,1 16,-6 16,-9 16,-9 16,-10 12,-3 16,-12 16,-6 16,-7 16,-7 16,-16 16,-16 16,-15 
16,-2 16,-8 16,-7 16,-10 16,-12 16,-7 16,-7 16,-8 16,-5 16,-4 16,-10 16,-4 15,-4 16,-13 7,4 16,-8 16,-6 16,-9 16,-9 12,-6 16,-7 16,-12 13,-3 16,-7 16,-7 16,-16 16,-16 16,-15 
16,-2 16,-8 16,-7 16,-10 16,-12 16,-7 16,-7 16,-8 16,-5 16,-4 16,-10 15,-3 16,-5 7,-4 16,-5 16,-8 16,-6 16,-9 12,-5 16,-10 16,-7 16,-12 16,-6 13,-4 16,-7 16,-16 16,-16 16,-15 
16,-2 16,-8 16,-7 16,-10 16,-12 16,-7 15,-6 16,-8 8,3 16,-4 16,-10 16,-4 16,-5 16,-13 16,-5 16,-8 16,-6 12,-5 16,-9 16,-10 16,-7 16,-12 16,-6 16,-7 13,-4 16,-16 16,-16 16,-15 
16,-2 13,-5 16,-7 16,-10 16,-12 15,-6 16,-7 8,0 16,-5 16,-4 16,-10 16,-4 16,-5 16,-13 16,-5 16,-8 12,-2 16,-9 16,-9 16,-10 16,-7 16,-12 16,-6 16,-7 16,-7 16,-16 16,-16 16,-15 
16,-2 16,-8 16,-7 13,-7 15,-11 16,-7 16,-7 16,-8 16,-5 8,4 16,-10 16,-4 16,-5 16,-13 16,-5 16,-8 16,-6 16,-9 16,-9 16,-10 16,-7 16,-12 16,-6 16,-7 16,-7 16,-16 16,-16 12,-11 
16,-2 16,-10 13,-6 16,-12 16,-12 16,-9 16,-9 16,-10 16,-7 16,-6 16,-12 16,-6 16,-7 16,-15 16,-7 16,-10 16,-8 16,-11 16,-11 16,-12 16,-7 12,-10 16,-6 16,-7 16,-7 15,-15 8,-10 16,-17 
