16
1
1
96
18|19|20|21|22|23|24|25|26|27|28|29|30|57|67|85|87|98|99|100|101|102|103|104|105|106|112|130|131|133|134|135|140|141|143|147|148|149|150|161|162|163|166|171|172|173|174|175|176|177|178|179|180|182|183|204|209|236|237|238|239|240|241|242|243|244|245|246|247|251|264|265|266|274|278|279|301|302|303|304|305|306|307|322|326|378|379|380|381|382|383|406|409|417|418|420
59,-4 59,-6 59,-5 59,-8 59,-6 59,-2 25,25 59,-10 59,-5 59,-8 59,-5 59,-8 59,-8 59,-8 59,-1 59,-9 59,-10 59,-8 53,0 59,-3 59,-3 59,-7 59,-7 59,-2 59,-5 59,-10 59,-1 49,-6 59,-5 59,-4 59,-9 59,-4 59,-10 59,-10 59,-10 59,-10 59,-9 59,-5 59,-6 59,-7 23,34 59,-4 59,-4 59,-7 59,-5 59,-3 59,-7 59,-6 59,-6 59,-3 59,-8 45,9 59,-8 59,-12 59,-8 59,-15 59,-12 59,-4 59,-10 59,-5 59,-6 59,-15 59,-18 59,-19 59,-11 59,-11 59,-17 59,-18 59,-17 59,-13 59,-7 59,-12 59,-12 59,-11 59,-16 59,-11 59,-17 59,-13 59,-14 59,-11 59,-17 59,-12 59,-9 59,-13 59,-13 59,-1 38,20 59,-4 59,-10 59,-2 59,-5 59,-5 59,-4 59,-3 59,-13 59,-14 
59,-4 59,-6 59,-5 59,-8 59,-6 59,-2 59,-9 59,-10 59,-5 59,-8 59,-5 59,-8 39,12 59,-8 59,-1 59,-9 59,-10 59,-8 59,-6 47,9 59,-3 59,-7 59,-7 59,-2 59,-5 59,-10 49,9 59,-16 59,-5 59,-4 59,-9 59,-4 59,-10 59,-10 59,-10 59,-10 59,-9 59,-5 59,-6 31,21 59,-2 59,-4 59,-4 59,-7 59,-5 59,-3 59,-7 59,-6 59,-6 59,-3 59,-8 59,-5 59,-8 59,-12 59,-8 38,6 59,-12 59,-4 59,-10 59,-5 59,-6 59,-15 45,-4 59,-19 59,-11 59,-11 59,-17 59,-18 59,-17 59,-13 59,-7 59,-12 59,-12 59,-11 59,-16 59,-11 59,-17 59,-13 59,-14 59,-11 59,-17 59,-12 59,-9 59,-13 59,-13 59,-1 59,-1 59,-4 59,-10 59,-2 59,-5 59,-5 59,-4 59,-3 59,-13 59,-14 
59,-4 59,-6 59,-5 59,-8 59,-6 59,-2 59,-9 39,10 59,-5 59,-8 59,-5 59,-8 59,-8 59,-8 59,-1 59,-9 59,-10 59,-8 59,-6 59,-3 59,-3 59,-7 59,-7 53,4 59,-5 59,-10 59,-1 59,-16 59,-5 59,-4 59,-9 59,-4 59,-10 59,-10 59,-10 59,-10 59,-9 59,-5 59,-6 59,-7 59,-2 37,18 59,-4 59,-7 59,-5 59,-3 59,-7 59,-6 59,-6 49,7 59,-8 59,-5 59,-8 59,-12 59,-8 59,-15 59,-12 59,-4 59,-10 59,-5 59,-6 59,-15 59,-18 59,-19 59,-11 59,-11 45,-3 59,-18 59,-17 59,-13 59,-7 59,-12 59,-12 59,-11 59,-16 59,-11 59,-17 59,-13 59,-14 59,-11 59,-17 59,-12 59,-9 59,-13 59,-13 59,-1 59,-1 38,17 59,-10 59,-2 59,-5 59,-5 59,-4 59,-3 59,-13 59,-14 
59,-4 59,-6 59,-5 59,-8 59,-6 30,27 59,-9 59,-10 59,-5 59,-8 59,-5 59,-8 59,-8 59,-8 59,-1 59,-9 59,-10 59,-8 59,-6 59,-3 53,3 59,-7 59,-7 59,-2 59,-5 59,-10 59,-1 59,-16 59,-5 59,-4 59,-9 59,-4 59,-10 59,-10 59,-10 59,-10 49,1 59,-5 59,-6 59,-7 59,-2 59,-4 26,29 59,-7 59,-5 59,-3 59,-7 59,-6 59,-6 59,-3 59,-8 59,-5 45,6 59,-12 59,-8 59,-15 59,-12 59,-4 59,-10 59,-5 59,-6 59,-15 59,-18 59,-19 59,-11 59,-11 59,-17 59,-18 59,-17 38,8 59,-7 59,-12 59,-12 59,-11 59,-16 59,-11 59,-17 59,-13 59,-14 59,-11 59,-17 59,-12 59,-9 59,-13 59,-13 59,-1 59,-1 59,-4 59,-10 59,-2 59,-5 59,-5 59,-4 59,-3 59,-13 59,-14 
59,-4 59,-6 59,-5 59,-8 59,-6 59,-2 59,-9 59,-10 59,-5 59,-8 59,-5 25,26 59,-8 59,-8 59,-1 59,-9 59,-10 59,-8 59,-6 59,-3 59,-3 59,-7 53,-1 59,-2 59,-5 59,-10 59,-1 59,-16 59,-5 59,-4 59,-9 59,-4 59,-10 59,-10 59,-10 59,-10 59,-9 49,5 59,-6 59,-7 59,-2 59,-4 59,-4 23,29 59,-5 59,-3 59,-7 59,-6 59,-6 59,-3 59,-8 59,-5 59,-8 59,-12 59,-8 59,-15 59,-12 59,-4 59,-10 59,-5 59,-6 59,-15 59,-18 59,-19 59,-11 59,-11 59,-17 59,-18 59,-17 59,-13 59,-7 59,-12 59,-12 59,-11 59,-16 45,3 59,-17 59,-13 59,-14 59,-11 59,-17 59,-12 59,-9 59,-13 59,-13 38,20 59,-1 59,-4 59,-10 59,-2 59,-5 59,-5 59,-4 59,-3 59,-13 59,-14 
59,-4 59,-6 39,15 59,-8 59,-6 59,-2 59,-9 59,-10 59,-5 59,-8 59,-5 59,-8 59,-8 59,-8 59,-1 59,-9 59,-10 53,-2 59,-6 59,-3 59,-3 59,-7 59,-7 59,-2 59,-5 59,-10 59,-1 59,-16 49,5 59,-4 59,-9 59,-4 59,-10 59,-10 59,-10 59,-10 59,-9 59,-5 59,-6 59,-7 59,-2 59,-4 59,-4 59,-7 37,17 59,-3 59,-7 59,-6 59,-6 59,-3 59,-8 59,-5 59,-8 59,-12 59,-8 59,-15 38,9 59,-4 59,-10 45,9 59,-6 59,-15 59,-18 59,-19 59,-11 59,-11 59,-17 59,-18 59,-17 59,-13 59,-7 59,-12 59,-12 59,-11 59,-16 59,-11 59,-17 59,-13 59,-14 59,-11 59,-17 59,-12 59,-9 59,-13 59,-13 59,-1 59,-1 59,-4 59,-10 59,-2 59,-5 59,-5 59,-4 59,-3 59,-13 59,-14 
59,-4 59,-6 59,-5 59,-8 59,-6 59,-2 59,-9 59,-10 59,-5 59,-8 59,-5 59,-8 59,-8 59,-8 59,-1 59,-9 59,-10 59,-8 59,-6 59,-3 59,-3 53,-1 59,-7 59,-2 59,-5 59,-10 59,-1 59,-16 59,-5 59,-4 59,-9 59,-4 59,-10 59,-10 59,-10 59,-10 59,-9 59,-5 59,-6 59,-7 59,-2 59,-4 59,-4 59,-7 59,-5 59,-3 30,22 59,-6 59,-6 59,-3 49,2 59,-5 59,-8 59,-12 59,-8 59,-15 59,-12 59,-4 59,-10 59,-5 59,-6 31,13 59,-18 59,-19 59,-11 59,-11 59,-17 59,-18 59,-17 59,-13 59,-7 59,-12 59,-12 59,-11 59,-16 59,-11 59,-17 59,-13 59,-14 59,-11 59,-17 59,-12 59,-9 39,7 59,-13 59,-1 59,-1 59,-4 59,-10 31,26 59,-5 59,-5 59,-4 59,-3 59,-13 59,-14 
59,-4 59,-6 59,-5 59,-8 59,-6 59,-2 59,-9 59,-10 59,-5 59,-8 25,29 59,-8 59,-8 59,-8 59,-1 59,-9 59,-10 59,-8 59,-6 59,-3 59,-3 59,-7 59,-7 59,-2 59,-5 53,-4 59,-1 59,-16 59,-5 59,-4 59,-9 59,-4 59,-10 59,-10 59,-10 59,-10 59,-9 59,-5 59,-6 59,-7 59,-2 59,-4 59,-4 59,-7 59,-5 59,-3 59,-7 23,30 49,4 59,-3 59,-8 59,-5 59,-8 59,-12 59,-8 59,-15 59,-12 59,-4 59,-10 59,-5 59,-6 59,-15 59,-18 59,-19 59,-11 59,-11 59,-17 59,-18 59,-17 59,-13 59,-7 59,-12 59,-12 59,-11 45,-2 59,-11 59,-17 59,-13 59,-14 59,-11 59,-17 59,-12 59,-9 59,-13 59,-13 59,-1 59,-1 59,-4 38,11 59,-2 59,-5 59,-5 59,-4 59,-3 59,-13 59,-14 
59,-4 59,-6 59,-5 59,-8 59,-6 59,-2 59,-9 59,-10 59,-5 59,-8 59,-5 59,-8 59,-8 59,-8 59,-1 59,-9 59,-10 59,-8 59,-6 59,-3 59,-3 59,-7 59,-7 59,-2 53,1 59,-10 59,-1 59,-16 59,-5 59,-4 59,-9 59,-4 59,-10 59,-10 59,-10 49,0 59,-9 59,-5 59,-6 59,-7 59,-2 59,-4 59,-4 59,-7 59,-5 30,26 59,-7 59,-6 59,-6 59,-3 59,-8 59,-5 59,-8 59,-12 59,-8 59,-15 59,-12 59,-4 59,-10 59,-5 59,-6 59,-15 59,-18 31,9 59,-11 59,-11 59,-17 59,-18 59,-17 59,-13 59,-7 59,-12 59,-12 59,-11 59,-16 59,-11 59,-17 59,-13 59,-14 59,-11 59,-17 59,-12 59,-9 59,-13 39,7 59,-1 59,-1 59,-4 59,-10 59,-2 31,23 59,-5 59,-4 59,-3 59,-13 59,-14 
46,9 59,-6 59,-5 59,-8 59,-6 59,-2 59,-9 59,-10 59,-5 59,-8 59,-5 59,-8 59,-8 59,-8 38,20 59,-9 32,17 59,-8 59,-6 59,-3 59,-3 59,-7 59,-7 59,-2 59,-5 59,-10 59,-1 59,-16 59,-5 59,-4 59,-9 59,-4 59,-10 59,-10 59,-10 59,-10 59,-9 59,-5 51,2 59,-7 59,-2 59,-4 59,-4 59,-7 59,-5 59,-3 59,-7 59,-6 59,-6 59,-3 59,-8 59,-5 59,-8 59,-12 59,-8 59,-15 59,-12 59,-4 59,-10 59,-5 59,-6 59,-15 59,-18 59,-19 59,-11 59,-11 59,-17 18,23 59,-17 59,-13 59,-7 59,-12 59,-12 59,-11 59,-16 59,-11 59,-17 59,-13 59,-14 59,-11 57,-15 59,-12 59,-9 59,-13 59,-13 59,-1 59,-1 59,-4 59,-10 59,-2 59,-5 59,-5 59,-4 59,-3 59,-13 59,-14 
59,-4 59,-6 59,-5 59,-8 59,-6 59,-2 59,-9 59,-10 32,22 59,-8 59,-5 59,-8 59,-8 59,-8 59,-1 59,-9 59,-10 59,-8 59,-6 59,-3 59,-3 59,-7 59,-7 59,-2 59,-5 59,-10 59,-1 59,-16 59,-5 59,-4 59,-9 59,-4 38,11 59,-10 59,-10 59,-10 59,-9 59,-5 59,-6 59,-7 59,-2 59,-4 59,-4 59,-7 59,-5 59,-3 59,-7 59,-6 59,-6 59,-3 59,-8 59,-5 59,-8 59,-12 59,-8 59,-15 59,-12 59,-4 59,-10 59,-5 59,-6 59,-15 59,-18 59,-19 59,-11 59,-11 59,-17 59,-18 31,11 59,-13 59,-7 59,-12 55,-8 59,-11 59,-16 59,-11 59,-17 59,-13 59,-14 59,-11 59,-17 59,-12 29,21 59,-13 59,-13 59,-1 59,-1 59,-4 59,-10 59,-2 59,-5 59,-5 59,-4 59,-3 59,-13 42,3 
59,-4 59,-6 59,-5 59,-8 59,-6 59,-2 59,-9 59,-10 59,-5 32,19 59,-5 59,-8 59,-8 59,-8 59,-1 59,-9 59,-10 59,-8 59,-6 59,-3 59,-3 59,-7 59,-7 59,-2 59,-5 59,-10 59,-1 59,-16 59,-5 59,-4 59,-9 59,-4 59,-10 38,11 59,-10 59,-10 59,-9 59,-5 59,-6 59,-7 59,-2 59,-4 59,-4 59,-7 59,-5 59,-3 59,-7 59,-6 59,-6 59,-3 59,-8 59,-5 59,-8 59,-12 59,-8 59,-15 59,-12 59,-4 31,18 59,-5 59,-6 59,-15 59,-18 59,-19 59,-11 59,-11 59,-17 59,-18 59,-17 59,-13 59,-7 55,-8 59,-12 59,-11 59,-16 59,-11 59,-17 59,-13 59,-14 59,-11 59,-17 29,18 59,-9 59,-13 59,-13 59,-1 59,-1 59,-4 59,-10 59,-2 59,-5 42,12 59,-4 59,-3 59,-13 59,-14 
59,-4 32,21 59,-5 59,-8 59,-6 59,-2 59,-9 59,-10 59,-5 59,-8 59,-5 59,-8 59,-8 42,9 59,-1 59,-9 59,-10 59,-8 59,-6 59,-3 59,-3 59,-7 59,-7 59,-2 59,-5 59,-10 59,-1 59,-16 59,-5 59,-4 59,-9 59,-4 59,-10 59,-10 38,11 59,-10 59,-9 59,-5 59,-6 59,-7 59,-2 59,-4 59,-4 59,-7 59,-5 59,-3 59,-7 59,-6 59,-6 59,-3 59,-8 59,-5 59,-8 59,-12 59,-8 59,-15 59,-12 59,-4 59,-10 59,-5 59,-6 59,-15 59,-18 59,-19 59,-11 31,17 59,-17 59,-18 59,-17 59,-13 55,-3 59,-12 59,-12 59,-11 59,-16 59,-11 59,-17 59,-13 59,-14 29,19 59,-17 59,-12 59,-9 59,-13 59,-13 59,-1 59,-1 59,-4 59,-10 59,-2 59,-5 59,-5 59,-4 59,-3 59,-13 59,-14 
59,-4 59,-6 59,-5 59,-8 32,21 59,-2 59,-9 59,-10 59,-5 59,-8 59,-5 59,-8 59,-8 59,-8 59,-1 59,-9 59,-10 59,-8 59,-6 59,-3 59,-3 59,-7 59,-7 59,-2 59,-5 59,-10 59,-1 59,-16 59,-5 38,17 59,-9 59,-4 59,-10 59,-10 59,-10 59,-10 59,-9 59,-5 59,-6 59,-7 59,-2 59,-4 59,-4 59,-7 59,-5 59,-3 59,-7 59,-6 59,-6 59,-3 59,-8 59,-5 59,-8 59,-12 55,-4 59,-15 59,-12 59,-4 59,-10 59,-5 59,-6 59,-15 59,-18 59,-19 31,17 59,-11 59,-17 59,-18 59,-17 59,-13 59,-7 59,-12 59,-12 59,-11 59,-16 59,-11 59,-17 59,-13 31,14 59,-11 59,-17 59,-12 59,-9 59,-13 59,-13 59,-1 59,-1 59,-4 59,-10 59,-2 59,-5 59,-5 59,-4 59,-3 42,4 59,-14 
59,-4 59,-6 59,-5 32,19 59,-6 59,-2 59,-9 59,-10 59,-5 59,-8 59,-5 59,-8 59,-8 59,-8 59,-1 59,-9 59,-10 59,-8 59,-6 59,-3 59,-3 59,-7 59,-7 59,-2 59,-5 59,-10 59,-1 59,-16 59,-5 59,-4 38,12 59,-4 59,-10 59,-10 59,-10 59,-10 59,-9 59,-5 59,-6 59,-7 59,-2 59,-4 59,-4 59,-7 59,-5 59,-3 59,-7 59,-6 59,-6 59,-3 59,-8 59,-5 59,-8 59,-12 59,-8 59,-15 59,-12 59,-4 59,-10 59,-5 31,22 59,-15 59,-18 59,-19 59,-11 59,-11 59,-17 59,-18 59,-17 59,-13 59,-7 59,-12 59,-12 55,-7 59,-16 59,-11 59,-17 36,10 59,-14 59,-11 59,-17 59,-12 59,-9 59,-13 59,-13 59,-1 59,-1 59,-4 59,-10 59,-2 59,-5 59,-5 59,-4 51,5 59,-13 59,-14 
59,-4 59,-6 59,-5 59,-8 59,-6 59,-2 59,-9 59,-10 59,-5 59,-8 59,-5 59,-8 59,-8 59,-8 59,-1 32,18 59,-10 59,-8 59,-6 59,-3 59,-3 59,-7 59,-7 59,-2 59,-5 59,-10 59,-1 59,-16 59,-5 59,-4 59,-9 38,17 59,-10 59,-10 59,-10 59,-10 59,-9 59,-5 59,-6 59,-7 59,-2 59,-4 59,-4 59,-7 59,-5 59,-3 59,-7 59,-6 59,-6 59,-3 59,-8 59,-5 59,-8 55,-8 59,-8 59,-15 59,-12 31,24 59,-10 59,-5 59,-6 59,-15 59,-18 59,-19 59,-11 59,-11 59,-17 59,-18 59,-17 59,-13 59,-7 59,-12 59,-12 59,-11 59,-16 59,-11 31,11 59,-13 59,-14 59,-11 59,-17 59,-12 59,-9 59,-13 59,-13 59,-1 59,-1 59,-4 59,-10 59,-2 59,-5 59,-5 42,13 59,-3 59,-13 59,-14 
