6
1
1
60
130|131|132|133|134|135|16|17|18|21|22|23|36|37|38|39|168|169|170|167|166|165|48|49|50|51|52|53|54|55|56|57|58|59|60|61|62|63|70|71|81|82|83|84|85|86|92|93|94|95|96|97|98|99|109|110|111|112|113|114
76,-2 76,-8 76,-7 76,-10 76,-5 44,29 76,-3 76,-8 76,-6 76,-6 76,-1 65,7 76,-1 76,-5 76,-9 76,-10 76,-5 76,-7 62,-5 76,-10 76,-4 76,-11 76,-6 76,-8 76,-8 76,-3 76,-4 76,-10 76,-8 76,-8 76,-3 43,27 76,-7 76,-1 76,-5 76,-7 76,-10 44,22 76,-7 44,23 76,-8 76,-10 76,-2 76,-8 76,-6 75,-3 76,-10 76,-8 76,-7 76,-10 76,-8 67,4 76,-8 72,2 76,-9 76,-7 76,-9 76,-10 76,-1 73,-1 
76,-2 76,-8 76,-7 76,-10 44,27 76,-3 76,-3 76,-8 76,-6 76,-6 65,10 76,-4 76,-1 76,-5 76,-9 76,-10 76,-5 62,7 76,-19 76,-10 76,-4 76,-11 76,-6 76,-8 76,-8 76,-3 76,-4 76,-10 76,-8 76,-8 43,30 76,-6 76,-7 76,-1 76,-5 76,-7 44,22 76,-10 44,25 76,-9 76,-8 76,-10 76,-2 76,-8 75,-5 76,-4 76,-10 76,-8 76,-7 76,-10 67,1 76,-5 72,-4 76,-2 76,-9 76,-7 76,-9 76,-10 73,2 76,-4 
76,-2 76,-8 76,-7 68,-2 76,-5 76,-3 76,-3 76,-8 76,-6 65,5 76,-1 76,-4 76,-1 76,-5 76,-9 57,9 56,15 76,-7 76,-19 76,-10 76,-4 76,-11 76,-6 76,-8 76,-8 76,-3 64,8 76,-10 76,-8 75,-7 76,-3 76,-6 76,-7 76,-1 76,-5 53,16 76,-10 76,-10 76,-7 76,-9 76,-8 76,-10 76,-2 75,-7 76,-6 76,-4 76,-10 76,-8 76,-7 67,-1 76,-8 76,-5 76,-8 76,-2 76,-9 76,-7 76,-9 73,-7 76,-1 76,-4 
76,-2 76,-8 68,1 76,-10 76,-5 76,-3 76,-3 76,-8 65,5 76,-6 76,-1 76,-4 76,-1 76,-5 57,10 76,-10 76,-5 76,-7 76,-19 56,10 76,-4 76,-11 76,-6 76,-8 76,-8 64,9 76,-4 76,-10 75,-7 76,-8 76,-3 76,-6 76,-7 76,-1 53,18 76,-7 76,-10 76,-10 76,-7 76,-9 76,-8 76,-10 75,-1 76,-8 76,-6 76,-4 76,-10 76,-8 67,2 76,-10 76,-8 76,-5 76,-8 76,-2 76,-9 76,-7 73,-6 76,-10 76,-1 76,-4 
76,-2 68,0 76,-7 76,-10 76,-5 76,-3 76,-3 65,3 76,-6 76,-6 76,-1 76,-4 76,-1 57,14 76,-9 76,-10 76,-5 76,-7 76,-19 76,-10 56,16 76,-11 76,-6 76,-8 64,4 76,-3 76,-4 75,-9 76,-8 76,-8 76,-3 76,-6 76,-7 53,22 76,-5 76,-7 76,-10 76,-10 76,-7 76,-9 76,-8 75,-9 76,-2 76,-8 76,-6 76,-4 76,-10 67,1 76,-7 76,-10 76,-8 76,-5 76,-8 76,-2 76,-9 73,-4 76,-9 76,-10 76,-1 76,-4 
51,23 76,-8 76,-7 76,-10 76,-5 76,-3 65,8 76,-8 76,-6 76,-6 76,-1 76,-4 72,3 76,-5 76,-9 76,-10 76,-5 76,-7 76,-19 76,-10 76,-4 56,9 60,10 48,20 76,-8 76,-3 76,-4 76,-10 76,-8 76,-8 76,-3 76,-6 53,16 76,-1 76,-5 76,-7 76,-10 76,-10 76,-7 76,-9 75,-7 76,-10 76,-2 76,-8 76,-6 76,-4 67,-1 76,-8 76,-7 76,-10 76,-8 76,-5 76,-8 76,-2 73,-6 76,-7 76,-9 76,-10 76,-1 76,-4 
