7
1
1
28
7|8|9|10|17|23|25|31|32|33|34|35|36|39|40|41|63|64|65|66|67|69|72|73|74|87|88|91
16,-8 17,-2 17,-6 17,-3 17,-17 17,-1 17,-8 17,-9 17,-6 17,-2 8,2 17,-2 17,-8 17,-14 17,-7 4,3 17,-5 17,-3 17,-6 17,-6 14,-10 17,-11 17,-13 17,-18 17,-17 17,-21 17,-4 17,-10 
17,-9 17,-2 17,-6 17,-3 17,-17 17,-1 17,-8 17,-9 17,-6 17,-2 17,-7 17,-2 8,1 17,-14 4,6 17,-10 17,-5 17,-3 17,-6 14,-3 17,-13 17,-11 16,-12 17,-18 17,-17 17,-21 17,-4 17,-10 
17,-9 17,-2 17,-6 17,-3 17,-17 17,-1 17,-8 17,-9 17,-6 17,-2 17,-7 8,7 17,-8 4,-1 17,-7 17,-10 17,-5 17,-3 14,-3 17,-6 17,-13 17,-11 17,-13 16,-17 17,-17 17,-21 17,-4 17,-10 
17,-9 17,-2 17,-6 17,-3 17,-17 17,-1 8,1 17,-9 13,-2 17,-2 17,-7 17,-2 17,-8 17,-14 17,-7 17,-10 17,-5 14,0 17,-6 17,-6 17,-13 17,-11 17,-13 17,-18 16,-16 17,-21 17,-4 17,-10 
17,-9 16,-1 17,-6 17,-3 17,-17 8,8 17,-8 13,-5 17,-6 17,-2 17,-7 17,-2 17,-8 17,-14 17,-7 17,-10 14,-2 17,-3 17,-6 17,-6 17,-13 17,-11 17,-13 17,-18 17,-17 17,-21 17,-4 17,-10 
17,-9 17,-2 17,-6 16,-2 8,-8 17,-1 17,-8 17,-9 17,-6 13,2 17,-7 17,-2 17,-8 17,-14 17,-7 17,-10 17,-5 17,-3 17,-6 17,-6 17,-13 17,-11 17,-13 17,-18 17,-17 17,-21 17,-4 14,-7 
17,-9 17,-11 16,-14 17,-12 17,-17 17,-10 17,-17 17,-18 17,-15 17,-11 17,-16 17,-11 17,-17 17,-23 17,-16 17,-19 17,-14 17,-12 17,-15 17,-15 17,-13 14,-17 17,-13 17,-18 17,-17 8,-12 13,-9 17,-19 
