6
1
1
60
130|131|132|133|134|135|138|140|142|144|18|21|23|158|32|37|38|167|39|169|170|43|40|45|166|41|44|49|50|52|57|59|61|165|64|65|67|68|70|78|79|168|82|83|84|86|87|88|89|93|94|96|102|105|106|107|109|112|114|115
76,-2 52,16 76,-14 76,-10 76,-5 76,-3 76,-16 76,-14 76,-4 76,-16 65,5 76,-6 76,-4 76,-4 72,-3 76,-5 76,-9 56,7 76,-10 76,-4 76,-11 76,-10 76,-6 60,9 76,-1 76,-3 76,-8 76,-8 76,-8 56,16 76,-6 76,-1 76,-7 76,-17 53,21 76,-9 76,-6 76,-6 76,-7 76,-5 76,-7 76,-8 75,-9 76,-2 76,-8 76,-4 67,1 76,-8 76,-8 76,-8 76,-7 76,-8 76,-7 76,-6 76,-3 76,-4 76,-9 73,-7 76,-4 76,-1 
76,-2 76,-8 76,-14 76,-10 76,-5 44,29 76,-16 76,-14 76,-4 59,1 76,-6 64,6 76,-4 76,-4 76,-7 57,14 76,-9 76,-13 76,-10 62,10 76,-11 76,-10 76,-6 76,-7 76,-1 76,-3 76,-8 76,-8 76,-8 76,-4 58,12 43,32 76,-7 76,-17 76,-2 76,-9 76,-6 76,-6 76,-7 76,-5 76,-7 76,-8 76,-10 76,-2 76,-8 75,-3 76,-8 67,1 76,-8 76,-8 76,-7 76,-8 76,-7 76,-6 76,-3 73,-1 76,-9 76,-10 76,-4 76,-1 
76,-2 76,-8 76,-14 76,-10 44,27 76,-3 76,-16 76,-14 76,-4 76,-16 76,-6 76,-6 65,7 76,-4 76,-7 76,-5 56,11 76,-13 76,-10 76,-4 62,3 59,7 76,-6 76,-7 76,-1 76,-3 76,-8 76,-8 76,-8 76,-4 76,-6 76,-1 66,3 76,-17 76,-2 76,-9 76,-6 59,11 76,-7 75,-4 76,-7 76,-8 76,-10 76,-2 76,-8 76,-4 76,-8 76,-8 76,-8 67,1 76,-7 76,-8 76,-7 76,-6 76,-3 76,-4 73,-6 76,-10 76,-4 76,-1 
76,-2 76,-8 76,-14 58,8 76,-5 76,-3 76,-16 76,-14 65,7 76,-16 76,-6 76,-6 76,-4 76,-4 76,-7 76,-5 76,-9 76,-13 64,2 76,-4 76,-11 76,-10 38,32 76,-7 56,19 76,-3 76,-8 76,-8 76,-8 76,-4 76,-6 76,-1 76,-7 76,-17 76,-2 64,3 76,-6 76,-6 76,-7 76,-5 75,-6 76,-8 76,-10 76,-2 76,-8 76,-4 76,-8 76,-8 76,-8 76,-8 76,-7 67,1 76,-7 76,-6 76,-3 76,-4 76,-9 76,-10 73,-1 64,11 
76,-2 76,-8 52,10 76,-10 76,-5 76,-3 76,-16 65,-3 76,-4 76,-16 76,-6 76,-6 76,-4 72,0 76,-7 76,-5 76,-9 76,-13 76,-10 76,-4 76,-11 76,-10 76,-6 76,-7 76,-1 60,13 76,-8 56,12 76,-8 76,-4 76,-6 76,-1 76,-7 56,3 76,-2 76,-9 76,-6 76,-6 53,16 76,-5 76,-7 76,-8 76,-10 76,-2 75,-7 76,-4 76,-8 76,-8 67,1 76,-8 76,-7 76,-8 76,-7 73,-3 76,-3 76,-4 76,-9 76,-10 76,-4 76,-1 
52,22 76,-8 76,-14 76,-10 76,-5 76,-3 65,-5 76,-14 76,-4 76,-16 76,-6 76,-6 76,-4 76,-4 76,-7 76,-5 76,-9 76,-13 76,-10 76,-4 76,-11 76,-10 76,-6 76,-7 76,-1 76,-3 60,8 76,-8 56,12 76,-4 76,-6 76,-1 76,-7 76,-17 76,-2 76,-9 53,17 76,-6 76,-7 76,-5 76,-7 56,12 76,-10 75,-1 76,-8 76,-4 76,-8 76,-8 76,-8 76,-8 67,2 76,-8 72,-3 76,-6 73,0 76,-4 76,-9 76,-10 76,-4 76,-1 
