9
1
1
36
5|6|7|9|10|11|12|17|18|19|20|21|22|23|25|31|32|33|34|35|39|40|41|62|63|64|65|66|67|68|69|73|86|87|88|91
16,-6 17,-1 17,-9 17,-6 17,-3 17,-8 17,-8 8,-8 17,-8 17,-10 17,-6 17,-1 17,-7 17,-1 17,-15 17,-9 17,-6 17,-2 17,-7 17,-9 17,-14 17,-7 17,-10 17,-11 17,-6 17,-4 17,-14 17,-7 17,-14 17,-5 14,-9 17,-18 17,-8 17,-19 13,2 17,-10 
17,-7 16,0 17,-9 17,-6 17,-3 17,-8 17,-8 17,-17 17,-8 17,-10 17,-6 17,-1 4,6 17,-1 17,-15 17,-9 17,-6 17,-2 13,-3 17,-9 17,-14 17,-7 17,-10 17,-11 17,-6 17,-4 14,-11 17,-7 17,-14 17,-5 17,-12 17,-18 17,-8 17,-19 17,-2 17,-10 
17,-7 17,-1 16,-8 17,-6 17,-3 17,-8 17,-8 17,-17 17,-8 8,-1 17,-6 17,-1 17,-7 17,-1 17,-15 17,-9 13,-2 17,-2 17,-7 17,-9 17,-14 17,-7 17,-10 17,-11 17,-6 14,-1 17,-14 17,-7 17,-14 17,-5 17,-12 17,-18 17,-8 17,-19 17,-2 17,-10 
17,-7 17,-1 17,-9 16,-5 17,-3 17,-8 17,-8 17,-17 17,-8 17,-10 17,-6 17,-1 17,-7 17,-1 17,-15 17,-9 17,-6 17,-2 17,-7 13,-5 17,-14 17,-7 17,-10 14,-8 17,-6 17,-4 17,-14 17,-7 17,-14 17,-5 17,-12 17,-18 17,-8 4,-6 17,-2 17,-10 
17,-7 17,-8 17,-16 17,-13 16,-9 17,-15 17,-15 17,-24 17,-15 17,-17 17,-13 17,-8 17,-14 17,-8 8,-6 17,-16 17,-13 17,-9 17,-14 17,-9 17,-21 13,-10 17,-17 17,-18 17,-13 17,-11 17,-14 17,-14 17,-21 14,-9 17,-19 17,-25 17,-15 17,-26 17,-9 17,-17 
17,-8 17,-1 17,-10 17,-7 17,-4 16,-8 17,-9 17,-18 17,-9 17,-11 17,-7 17,-2 17,-8 8,7 17,-16 17,-10 17,-7 17,-3 17,-8 17,-10 13,-11 17,-8 17,-11 17,-11 17,-6 17,-4 17,-14 17,-7 17,-14 17,-5 17,-12 17,-19 17,-8 17,-20 17,-3 14,-8 
17,-16 17,-10 17,-9 17,-15 17,-12 17,-17 16,-16 17,-17 17,-17 17,-19 8,-6 17,-10 17,-16 17,-10 17,-24 17,-18 17,-15 17,-11 17,-16 17,-18 17,-23 17,-16 13,-15 17,-20 17,-15 17,-13 17,-23 17,-16 14,-11 17,-14 17,-21 17,-18 17,-17 17,-19 17,-11 17,-19 
17,-7 17,-1 17,-9 17,-6 17,-3 17,-8 17,-8 17,-17 8,1 17,-10 17,-6 17,-1 17,-7 17,-1 17,-15 17,-9 17,-6 13,2 17,-7 17,-9 17,-14 17,-7 17,-10 17,-11 17,-6 17,-4 17,-14 14,-4 17,-14 17,-5 17,-12 16,-17 17,-8 17,-19 17,-2 17,-10 
17,-13 17,-7 17,-15 17,-6 17,-9 17,-14 17,-14 17,-23 17,-14 17,-10 17,-12 8,2 17,-13 17,-7 17,-21 13,-11 17,-12 17,-8 17,-13 17,-15 17,-14 17,-13 17,-16 17,-17 14,-9 17,-10 17,-20 17,-13 17,-20 17,-11 17,-12 17,-24 16,-13 17,-25 17,-8 17,-10 
