16
1
1
96
18|19|20|21|22|23|24|25|26|27|28|29|30|57|67|85|87|98|99|100|101|102|103|104|105|106|112|130|131|133|134|135|140|141|143|147|148|149|150|161|162|163|166|171|172|173|174|175|176|177|178|179|180|182|183|204|209|236|237|238|239|240|241|242|243|244|245|246|247|251|264|265|266|274|278|279|301|302|303|304|305|306|307|322|326|378|379|380|381|382|383|406|409|417|418|420
52,-2 52,-8 52,-7 52,-10 52,-5 52,-1 29,17 52,-6 52,-4 52,-8 52,-9 52,-2 52,-2 52,-10 52,-4 52,-8 52,-4 52,-6 33,16 52,-10 52,-8 52,-7 52,-2 52,-9 52,-6 52,-6 52,-8 39,2 52,-6 52,-8 52,-7 52,-2 52,-10 52,-6 52,-7 52,-5 52,-3 52,-5 52,-10 52,-8 27,19 52,-1 52,-8 52,-8 52,-4 52,-6 52,-3 52,-7 52,-7 52,-10 52,-2 38,6 52,-6 52,-9 52,-10 52,-16 52,-10 52,-6 52,-8 52,-9 52,-9 52,-13 52,-12 52,-9 52,-10 52,-7 52,-9 52,-14 52,-13 52,-12 52,-12 52,-6 52,-9 52,-10 52,-12 52,-12 52,-3 52,-10 52,-11 52,-3 52,-6 52,-9 52,-10 52,-12 52,-11 52,-7 38,5 52,-5 52,-5 52,-2 52,-10 52,-1 52,-2 52,-7 52,-12 52,-15 
52,-2 52,-8 52,-7 52,-10 52,-5 52,-1 52,-6 52,-6 52,-4 52,-8 52,-9 52,-2 37,13 52,-10 52,-4 52,-8 52,-4 52,-6 52,-3 38,4 52,-8 52,-7 52,-2 52,-9 52,-6 52,-6 39,5 52,-11 52,-6 52,-8 52,-7 52,-2 52,-10 52,-6 52,-7 52,-5 52,-3 52,-5 52,-10 43,1 52,-6 52,-1 52,-8 52,-8 52,-4 52,-6 52,-3 52,-7 52,-7 52,-10 52,-2 52,-8 52,-6 52,-9 52,-10 38,-2 52,-10 52,-6 52,-8 52,-9 52,-9 52,-13 38,2 52,-9 52,-10 52,-7 52,-9 52,-14 52,-13 52,-12 52,-12 52,-6 52,-9 52,-10 52,-12 52,-12 52,-3 52,-10 52,-11 52,-3 52,-6 52,-9 52,-10 52,-12 52,-11 52,-7 52,-9 52,-5 52,-5 52,-2 52,-10 52,-1 52,-2 52,-7 52,-12 52,-15 
52,-2 52,-8 52,-7 52,-10 52,-5 52,-1 52,-6 37,9 52,-4 52,-8 52,-9 52,-2 52,-2 52,-10 52,-4 52,-8 52,-4 52,-6 52,-3 52,-10 52,-8 52,-7 52,-2 33,10 52,-6 52,-6 52,-8 52,-11 52,-6 52,-8 52,-7 52,-2 52,-10 52,-6 52,-7 52,-5 52,-3 52,-5 52,-10 52,-8 52,-6 38,13 52,-8 52,-8 52,-4 52,-6 52,-3 52,-7 52,-7 39,3 52,-2 52,-8 52,-6 52,-9 52,-10 52,-16 52,-10 52,-6 52,-8 52,-9 52,-9 52,-13 52,-12 52,-9 52,-10 52,-7 38,5 52,-14 52,-13 52,-12 52,-12 52,-6 52,-9 52,-10 52,-12 52,-12 52,-3 52,-10 52,-11 52,-3 52,-6 52,-9 52,-10 52,-12 52,-11 52,-7 52,-9 38,9 52,-5 52,-2 52,-10 52,-1 52,-2 52,-7 52,-12 52,-15 
52,-2 52,-8 52,-7 52,-10 52,-5 28,23 52,-6 52,-6 52,-4 52,-8 52,-9 52,-2 52,-2 52,-10 52,-4 52,-8 52,-4 52,-6 52,-3 52,-10 33,11 52,-7 52,-2 52,-9 52,-6 52,-6 52,-8 52,-11 52,-6 52,-8 52,-7 52,-2 52,-10 52,-6 52,-7 52,-5 39,10 52,-5 52,-10 52,-8 52,-6 52,-1 22,22 52,-8 52,-4 52,-6 52,-3 52,-7 52,-7 52,-10 52,-2 52,-8 38,8 52,-9 52,-10 52,-16 52,-10 52,-6 52,-8 52,-9 52,-9 52,-13 52,-12 52,-9 52,-10 52,-7 52,-9 52,-14 52,-13 38,2 52,-12 52,-6 52,-9 52,-10 52,-12 52,-12 52,-3 52,-10 52,-11 52,-3 52,-6 52,-9 52,-10 52,-12 52,-11 52,-7 52,-9 52,-5 52,-5 52,-2 52,-10 52,-1 52,-2 52,-7 52,-12 52,-15 
52,-2 52,-8 52,-7 52,-10 52,-5 52,-1 52,-6 52,-6 52,-4 52,-8 52,-9 31,19 52,-2 52,-10 52,-4 52,-8 52,-4 52,-6 52,-3 52,-10 52,-8 52,-7 33,17 52,-9 52,-6 52,-6 52,-8 52,-11 52,-6 52,-8 52,-7 52,-2 52,-10 52,-6 52,-7 52,-5 52,-3 39,8 52,-10 52,-8 52,-6 52,-1 52,-8 27,17 52,-4 52,-6 52,-3 52,-7 52,-7 52,-10 52,-2 52,-8 52,-6 52,-9 52,-10 52,-16 52,-10 52,-6 52,-8 52,-9 52,-9 52,-13 52,-12 52,-9 52,-10 52,-7 52,-9 52,-14 52,-13 52,-12 52,-12 52,-6 52,-9 52,-10 52,-12 38,2 52,-3 52,-10 52,-11 52,-3 52,-6 52,-9 52,-10 52,-12 52,-11 40,5 52,-9 52,-5 52,-5 52,-2 52,-10 52,-1 52,-2 52,-7 52,-12 52,-15 
52,-2 52,-8 37,8 52,-10 52,-5 52,-1 52,-6 52,-6 52,-4 52,-8 52,-9 52,-2 52,-2 52,-10 52,-4 52,-8 52,-4 33,13 52,-3 52,-10 52,-8 52,-7 52,-2 52,-9 52,-6 52,-6 52,-8 52,-11 39,7 52,-8 52,-7 52,-2 52,-10 52,-6 52,-7 52,-5 52,-3 52,-5 52,-10 52,-8 52,-6 52,-1 52,-8 52,-8 38,10 52,-6 52,-3 52,-7 52,-7 52,-10 52,-2 52,-8 52,-6 52,-9 52,-10 52,-16 38,4 52,-6 52,-8 38,5 52,-9 52,-13 52,-12 52,-9 52,-10 52,-7 52,-9 52,-14 52,-13 52,-12 52,-12 52,-6 52,-9 52,-10 52,-12 52,-12 52,-3 52,-10 52,-11 52,-3 52,-6 52,-9 52,-10 52,-12 52,-11 52,-7 52,-9 52,-5 52,-5 52,-2 52,-10 52,-1 52,-2 52,-7 52,-12 52,-15 
52,-2 52,-8 52,-7 52,-10 52,-5 52,-1 52,-6 52,-6 52,-4 52,-8 52,-9 52,-2 52,-2 52,-10 52,-4 52,-8 52,-4 52,-6 52,-3 52,-10 52,-8 33,12 52,-2 52,-9 52,-6 52,-6 52,-8 52,-11 52,-6 52,-8 52,-7 52,-2 52,-10 52,-6 52,-7 52,-5 52,-3 52,-5 52,-10 52,-8 52,-6 52,-1 52,-8 52,-8 52,-4 52,-6 31,18 52,-7 52,-7 52,-10 39,11 52,-8 52,-6 52,-9 52,-10 52,-16 52,-10 52,-6 52,-8 52,-9 52,-9 32,7 52,-12 52,-9 52,-10 52,-7 52,-9 52,-14 52,-13 52,-12 52,-12 52,-6 52,-9 52,-10 52,-12 52,-12 52,-3 52,-10 52,-11 52,-3 52,-6 52,-9 52,-10 37,3 52,-11 52,-7 52,-9 52,-5 52,-5 32,18 52,-10 52,-1 52,-2 52,-7 52,-12 52,-15 
52,-2 52,-8 52,-7 52,-10 52,-5 52,-1 52,-6 52,-6 52,-4 52,-8 31,12 52,-2 52,-2 52,-10 52,-4 52,-8 52,-4 52,-6 52,-3 52,-10 52,-8 52,-7 52,-2 52,-9 52,-6 33,13 52,-8 52,-11 52,-6 52,-8 52,-7 52,-2 52,-10 52,-6 52,-7 52,-5 52,-3 52,-5 52,-10 52,-8 52,-6 52,-1 52,-8 52,-8 52,-4 52,-6 52,-3 27,18 39,6 52,-10 52,-2 52,-8 52,-6 52,-9 52,-10 52,-16 52,-10 52,-6 52,-8 52,-9 52,-9 52,-13 52,-12 52,-9 52,-10 52,-7 52,-9 52,-14 52,-13 52,-12 52,-12 52,-6 52,-9 52,-10 38,2 52,-12 52,-3 52,-10 52,-11 52,-3 52,-6 52,-9 52,-10 52,-12 52,-11 52,-7 52,-9 52,-5 40,7 52,-2 52,-10 52,-1 52,-2 52,-7 52,-12 52,-15 
52,-2 52,-8 52,-7 52,-10 52,-5 52,-1 52,-6 52,-6 52,-4 52,-8 52,-9 52,-2 52,-2 52,-10 52,-4 52,-8 52,-4 52,-6 52,-3 52,-10 52,-8 52,-7 52,-2 52,-9 33,13 52,-6 52,-8 52,-11 52,-6 52,-8 52,-7 52,-2 52,-10 52,-6 52,-7 39,8 52,-3 52,-5 52,-10 52,-8 52,-6 52,-1 52,-8 52,-8 52,-4 31,15 52,-3 52,-7 52,-7 52,-10 52,-2 52,-8 52,-6 52,-9 52,-10 52,-16 52,-10 52,-6 52,-8 52,-9 52,-9 52,-13 52,-12 32,11 52,-10 52,-7 52,-9 52,-14 52,-13 52,-12 52,-12 52,-6 52,-9 52,-10 52,-12 52,-12 52,-3 52,-10 52,-11 52,-3 52,-6 52,-9 52,-10 52,-12 37,4 52,-7 52,-9 52,-5 52,-5 52,-2 32,10 52,-1 52,-2 52,-7 52,-12 52,-15 
32,18 52,-8 52,-7 52,-10 52,-5 52,-1 52,-6 52,-6 52,-4 52,-8 52,-9 52,-2 52,-2 52,-10 38,10 52,-8 35,13 52,-6 52,-3 52,-10 52,-8 52,-7 52,-2 52,-9 52,-6 52,-6 52,-8 52,-11 52,-6 52,-8 52,-7 52,-2 52,-10 52,-6 52,-7 52,-5 52,-3 52,-5 48,-6 52,-8 52,-6 52,-1 52,-8 52,-8 52,-4 52,-6 52,-3 52,-7 52,-7 52,-10 52,-2 52,-8 52,-6 52,-9 52,-10 52,-16 52,-10 52,-6 52,-8 52,-9 52,-9 52,-13 52,-12 52,-9 52,-10 52,-7 52,-9 7,31 52,-13 52,-12 52,-12 52,-6 52,-9 52,-10 52,-12 52,-12 52,-3 52,-10 52,-11 52,-3 43,3 52,-9 52,-10 52,-12 52,-11 52,-7 52,-9 52,-5 52,-5 52,-2 52,-10 52,-1 52,-2 52,-7 52,-12 52,-15 
52,-2 52,-8 52,-7 52,-10 52,-5 52,-1 52,-6 52,-6 35,13 52,-8 52,-9 52,-2 52,-2 52,-10 52,-4 52,-8 52,-4 52,-6 52,-3 52,-10 52,-8 52,-7 52,-2 52,-9 52,-6 52,-6 52,-8 52,-11 52,-6 52,-8 52,-7 52,-2 38,4 52,-6 52,-7 52,-5 52,-3 52,-5 52,-10 52,-8 52,-6 52,-1 52,-8 52,-8 52,-4 52,-6 52,-3 52,-7 52,-7 52,-10 52,-2 52,-8 52,-6 52,-9 52,-10 52,-16 52,-10 52,-6 52,-8 52,-9 52,-9 52,-13 52,-12 52,-9 52,-10 52,-7 52,-9 52,-14 27,12 52,-12 52,-12 52,-6 42,1 52,-10 52,-12 52,-12 52,-3 52,-10 52,-11 52,-3 52,-6 52,-9 34,8 52,-12 52,-11 52,-7 52,-9 52,-5 52,-5 52,-2 52,-10 52,-1 52,-2 52,-7 52,-12 38,-1 
52,-2 52,-8 52,-7 52,-10 52,-5 52,-1 52,-6 52,-6 52,-4 35,9 52,-9 52,-2 52,-2 52,-10 52,-4 52,-8 52,-4 52,-6 52,-3 52,-10 52,-8 52,-7 52,-2 52,-9 52,-6 52,-6 52,-8 52,-11 52,-6 52,-8 52,-7 52,-2 52,-10 38,8 52,-7 52,-5 52,-3 52,-5 52,-10 52,-8 52,-6 52,-1 52,-8 52,-8 52,-4 52,-6 52,-3 52,-7 52,-7 52,-10 52,-2 52,-8 52,-6 52,-9 52,-10 52,-16 52,-10 52,-6 27,17 52,-9 52,-9 52,-13 52,-12 52,-9 52,-10 52,-7 52,-9 52,-14 52,-13 52,-12 52,-12 42,4 52,-9 52,-10 52,-12 52,-12 52,-3 52,-10 52,-11 52,-3 52,-6 34,9 52,-10 52,-12 52,-11 52,-7 52,-9 52,-5 52,-5 52,-2 52,-10 38,13 52,-2 52,-7 52,-12 52,-15 
52,-2 35,9 52,-7 52,-10 52,-5 52,-1 52,-6 52,-6 52,-4 52,-8 52,-9 52,-2 52,-2 38,4 52,-4 52,-8 52,-4 52,-6 52,-3 52,-10 52,-8 52,-7 52,-2 52,-9 52,-6 52,-6 52,-8 52,-11 52,-6 52,-8 52,-7 52,-2 52,-10 52,-6 38,7 52,-5 52,-3 52,-5 52,-10 52,-8 52,-6 52,-1 52,-8 52,-8 52,-4 52,-6 52,-3 52,-7 52,-7 52,-10 52,-2 52,-8 52,-6 52,-9 52,-10 52,-16 52,-10 52,-6 52,-8 52,-9 52,-9 52,-13 52,-12 52,-9 52,-10 27,18 52,-9 52,-14 52,-13 52,-12 42,-2 52,-6 52,-9 52,-10 52,-12 52,-12 52,-3 52,-10 52,-11 34,15 52,-6 52,-9 52,-10 52,-12 52,-11 52,-7 52,-9 52,-5 52,-5 52,-2 52,-10 52,-1 52,-2 52,-7 52,-12 52,-15 
52,-2 52,-8 52,-7 52,-10 35,12 52,-1 52,-6 52,-6 52,-4 52,-8 52,-9 52,-2 52,-2 52,-10 52,-4 52,-8 52,-4 52,-6 52,-3 52,-10 52,-8 52,-7 52,-2 52,-9 52,-6 52,-6 52,-8 52,-11 52,-6 38,6 52,-7 52,-2 52,-10 52,-6 52,-7 52,-5 52,-3 52,-5 52,-10 52,-8 52,-6 52,-1 52,-8 52,-8 52,-4 52,-6 52,-3 52,-7 52,-7 52,-10 52,-2 52,-8 52,-6 52,-9 42,0 52,-16 52,-10 52,-6 52,-8 52,-9 52,-9 52,-13 52,-12 52,-9 27,15 52,-7 52,-9 52,-14 52,-13 52,-12 52,-12 52,-6 52,-9 52,-10 52,-12 52,-12 52,-3 52,-10 26,15 52,-3 52,-6 52,-9 52,-10 52,-12 52,-11 52,-7 52,-9 52,-5 52,-5 52,-2 52,-10 52,-1 52,-2 52,-7 38,2 52,-15 
52,-2 52,-8 52,-7 35,7 52,-5 52,-1 52,-6 52,-6 52,-4 52,-8 52,-9 52,-2 52,-2 52,-10 52,-4 52,-8 52,-4 52,-6 52,-3 52,-10 52,-8 52,-7 52,-2 52,-9 52,-6 52,-6 52,-8 52,-11 52,-6 52,-8 38,7 52,-2 52,-10 52,-6 52,-7 52,-5 52,-3 52,-5 52,-10 52,-8 52,-6 52,-1 52,-8 52,-8 52,-4 52,-6 52,-3 52,-7 52,-7 52,-10 52,-2 52,-8 52,-6 52,-9 52,-10 52,-16 52,-10 52,-6 52,-8 52,-9 27,16 52,-13 52,-12 52,-9 52,-10 52,-7 52,-9 52,-14 52,-13 52,-12 52,-12 52,-6 52,-9 42,0 52,-12 52,-12 52,-3 35,7 52,-11 52,-3 52,-6 52,-9 52,-10 52,-12 52,-11 52,-7 52,-9 52,-5 52,-5 52,-2 52,-10 52,-1 52,-2 48,-3 52,-12 52,-15 
52,-2 52,-8 52,-7 52,-10 52,-5 52,-1 52,-6 52,-6 52,-4 52,-8 52,-9 52,-2 52,-2 52,-10 52,-4 35,9 52,-4 52,-6 52,-3 52,-10 52,-8 52,-7 52,-2 52,-9 52,-6 52,-6 52,-8 52,-11 52,-6 52,-8 52,-7 38,12 52,-10 52,-6 52,-7 52,-5 52,-3 52,-5 52,-10 52,-8 52,-6 52,-1 52,-8 52,-8 52,-4 52,-6 52,-3 52,-7 52,-7 52,-10 52,-2 52,-8 52,-6 42,1 52,-10 52,-16 52,-10 27,19 52,-8 52,-9 52,-9 52,-13 52,-12 52,-9 52,-10 52,-7 52,-9 52,-14 52,-13 52,-12 52,-12 52,-6 52,-9 52,-10 52,-12 52,-12 21,28 52,-10 52,-11 52,-3 52,-6 52,-9 52,-10 52,-12 52,-11 52,-7 52,-9 52,-5 52,-5 52,-2 52,-10 52,-1 38,12 52,-7 52,-12 52,-15 
