21
1
1
126
13|14|15|17|18|19|20|21|22|24|25|26|28|30|44|50|51|52|55|57|67|68|69|73|82|83|84|85|87|98|99|100|101|102|103|104|105|106|111|112|130|131|135|143|148|149|150|154|155|156|163|165|166|168|169|171|172|173|175|176|177|178|179|180|182|183|185|186|187|190|207|215|219|225|227|236|237|238|239|240|241|242|243|244|245|246|247|248|249|252|254|256|268|269|270|272|273|277|278|279|280|281|299|300|301|302|303|304|305|306|307|308|309|313|314|384|386|387|404|405|406|408|417|419|420|421
42,7 52,-7 52,-5 52,-10 52,-2 52,-8 52,-7 52,-10 52,-5 35,11 52,-6 52,-4 52,-9 52,-2 52,-5 52,-6 52,-1 52,-6 52,-5 48,-6 52,-4 52,-4 52,-9 52,-7 52,-5 52,-3 52,-7 52,-8 52,-4 52,-6 52,-3 52,-10 52,-8 52,-7 52,-2 52,-9 52,-6 52,-6 52,-4 52,-8 52,-14 52,-9 52,-5 38,0 52,-10 52,-12 52,-21 52,-12 52,-19 52,-6 52,-1 52,-3 52,-8 52,-8 52,-17 52,-18 52,-14 52,-23 52,-17 52,-17 52,-20 52,-12 52,-18 52,-6 52,-14 52,-13 52,-19 52,-10 52,-10 52,-15 52,-11 52,-21 52,-23 52,-15 52,-14 52,-5 52,-7 52,-8 52,-8 52,-13 52,-12 52,-9 52,-10 27,13 52,-9 52,-14 52,-13 52,-16 52,-9 52,-20 52,-16 52,-12 52,-16 52,-23 52,-9 52,-8 52,-13 52,-10 52,-4 52,-4 52,-17 52,-11 52,-8 52,-11 52,-3 52,-10 52,-11 52,-3 52,-6 52,-9 35,7 52,-5 52,-9 52,-7 52,-12 52,-10 52,-10 52,-12 52,-10 52,-5 52,-1 52,-6 52,-17 52,-16 52,-15 52,-12 
52,-3 41,4 52,-5 52,-10 52,-2 52,-8 52,-7 52,-10 52,-5 52,-6 52,-6 52,-4 52,-9 52,-2 52,-5 52,-6 52,-1 52,-6 52,-5 52,-10 52,-4 52,-4 52,-9 52,-7 52,-5 26,23 52,-7 52,-8 52,-4 52,-6 52,-3 52,-10 52,-8 52,-7 52,-2 52,-9 52,-6 52,-6 52,-4 39,5 52,-14 52,-9 52,-5 52,-14 52,-10 52,-12 52,-21 52,-12 52,-19 52,-6 52,-1 52,-3 52,-8 52,-8 52,-17 52,-18 52,-14 52,-23 52,-17 52,-17 52,-20 52,-12 52,-18 52,-6 52,-14 52,-13 52,-19 52,-10 52,-10 52,-15 52,-11 52,-21 52,-23 52,-15 52,-14 52,-5 52,-7 52,-8 52,-8 52,-13 52,-12 52,-9 16,26 52,-12 52,-9 52,-14 52,-13 29,7 52,-9 52,-20 52,-16 52,-12 52,-16 52,-23 52,-9 52,-8 52,-13 52,-10 52,-4 52,-4 52,-17 52,-11 52,-8 52,-11 52,-3 52,-10 52,-11 52,-3 52,-6 52,-9 52,-10 52,-5 52,-9 52,-7 52,-12 52,-10 52,-10 52,-12 52,-10 52,-5 52,-1 52,-6 52,-17 52,-16 52,-15 48,-8 
52,-3 52,-7 42,5 52,-10 52,-2 52,-8 52,-7 52,-10 52,-5 52,-6 52,-6 52,-4 52,-9 52,-2 52,-5 52,-6 52,-1 52,-6 48,-1 52,-10 52,-4 52,-4 52,-9 52,-7 52,-5 52,-3 52,-7 52,-8 35,13 52,-6 52,-3 52,-10 52,-8 52,-7 52,-2 52,-9 52,-6 52,-6 52,-4 52,-8 52,-14 52,-9 52,-5 52,-14 52,-10 52,-12 52,-21 52,-12 52,-19 52,-6 52,-1 52,-3 52,-8 52,-8 52,-17 52,-18 52,-14 52,-23 52,-17 52,-17 52,-20 52,-12 52,-18 52,-6 52,-14 52,-13 52,-19 52,-10 52,-10 52,-15 38,3 52,-21 52,-23 52,-15 52,-14 52,-5 52,-7 52,-8 52,-8 52,-13 52,-12 52,-9 52,-10 52,-12 52,-9 27,11 52,-13 52,-16 52,-9 52,-20 52,-16 52,-12 52,-16 52,-23 52,-9 52,-8 52,-13 52,-10 52,-4 52,-4 52,-17 52,-11 52,-8 52,-11 52,-3 52,-10 52,-11 52,-3 30,16 52,-9 52,-10 52,-5 52,-9 52,-7 52,-12 52,-10 52,-10 52,-12 52,-10 52,-5 52,-1 52,-6 52,-17 52,-16 52,-15 52,-12 
52,-3 52,-7 52,-5 41,1 52,-2 52,-8 52,-7 52,-10 52,-5 52,-6 52,-6 52,-4 52,-9 52,-2 52,-5 52,-6 52,-1 52,-6 52,-5 52,-10 52,-4 52,-4 52,-9 52,-7 26,21 52,-3 52,-7 52,-8 52,-4 52,-6 52,-3 52,-10 52,-8 52,-7 52,-2 52,-9 52,-6 52,-6 52,-4 52,-8 39,-1 52,-9 52,-5 52,-14 52,-10 52,-12 52,-21 52,-12 52,-19 52,-6 52,-1 52,-3 52,-8 52,-8 52,-17 52,-18 52,-14 52,-23 52,-17 52,-17 52,-20 52,-12 52,-18 52,-6 52,-14 52,-13 52,-19 52,-10 52,-10 52,-15 52,-11 52,-21 52,-23 52,-15 52,-14 52,-5 52,-7 52,-8 52,-8 52,-13 16,24 52,-9 52,-10 52,-12 52,-9 52,-14 52,-13 52,-16 29,14 52,-20 52,-16 52,-12 52,-16 52,-23 52,-9 52,-8 52,-13 52,-10 52,-4 52,-4 52,-17 52,-11 52,-8 52,-11 52,-3 52,-10 52,-11 52,-3 52,-6 52,-9 52,-10 52,-5 52,-9 52,-7 52,-12 52,-10 52,-10 52,-12 52,-10 52,-5 52,-1 52,-6 43,-8 52,-16 52,-15 52,-12 
52,-3 52,-7 52,-5 52,-10 41,9 52,-8 52,-7 52,-10 52,-5 52,-6 52,-6 52,-4 52,-9 52,-2 52,-5 52,-6 52,-1 52,-6 52,-5 52,-10 52,-4 29,19 52,-9 52,-7 52,-5 52,-3 52,-7 52,-8 52,-4 52,-6 52,-3 52,-10 52,-8 52,-7 52,-2 52,-9 52,-6 52,-6 52,-4 52,-8 52,-14 52,-9 52,-5 52,-14 52,-10 52,-12 52,-21 52,-12 52,-19 26,20 52,-1 52,-3 52,-8 52,-8 52,-17 52,-18 52,-14 52,-23 52,-17 52,-17 52,-20 52,-12 52,-18 52,-6 52,-14 52,-13 52,-19 52,-10 52,-10 52,-15 52,-11 52,-21 52,-23 52,-15 52,-14 52,-5 52,-7 52,-8 52,-8 16,23 52,-12 52,-9 52,-10 52,-12 52,-9 52,-14 52,-13 52,-16 52,-9 52,-20 52,-16 52,-12 52,-16 52,-23 52,-9 52,-8 52,-13 52,-10 52,-4 52,-4 52,-17 52,-11 52,-8 52,-11 52,-3 52,-10 52,-11 52,-3 52,-6 52,-9 52,-10 52,-5 52,-9 52,-7 39,1 52,-10 52,-10 52,-12 52,-10 52,-5 52,-1 48,-2 52,-17 52,-16 52,-15 52,-12 
52,-3 52,-7 52,-5 52,-10 52,-2 35,9 52,-7 52,-10 52,-5 52,-6 52,-6 52,-4 52,-9 52,-2 52,-5 52,-6 52,-1 52,-6 52,-5 52,-10 52,-4 52,-4 52,-9 52,-7 52,-5 52,-3 52,-7 52,-8 52,-4 52,-6 52,-3 52,-10 52,-8 52,-7 52,-2 52,-9 52,-6 52,-6 52,-4 52,-8 52,-14 52,-9 52,-5 52,-14 52,-10 52,-12 52,-21 52,-12 52,-19 52,-6 52,-1 52,-3 52,-8 52,-8 52,-17 52,-18 52,-14 52,-23 52,-17 52,-17 52,-20 52,-12 52,-18 52,-6 42,-4 52,-13 52,-19 52,-10 52,-10 52,-15 52,-11 52,-21 52,-23 52,-15 52,-14 52,-5 52,-7 52,-8 52,-8 52,-13 52,-12 27,16 52,-10 52,-12 52,-9 52,-14 52,-13 52,-16 52,-9 52,-20 52,-16 38,2 52,-16 52,-23 52,-9 52,-8 52,-13 52,-10 52,-4 52,-4 52,-17 52,-11 21,23 52,-11 52,-3 52,-10 52,-11 52,-3 52,-6 52,-9 52,-10 52,-5 52,-9 52,-7 52,-12 52,-10 52,-10 52,-12 52,-10 52,-5 52,-1 52,-6 52,-17 52,-16 38,-1 52,-12 
52,-3 52,-7 52,-5 52,-10 52,-2 52,-8 35,10 52,-10 52,-5 52,-6 52,-6 52,-4 52,-9 52,-2 52,-5 52,-6 52,-1 52,-6 52,-5 52,-10 52,-4 52,-4 52,-9 52,-7 52,-5 52,-3 52,-7 52,-8 52,-4 52,-6 52,-3 52,-10 52,-8 52,-7 52,-2 52,-9 52,-6 52,-6 52,-4 52,-8 52,-14 52,-9 52,-5 52,-14 48,-6 52,-12 52,-21 52,-12 52,-19 52,-6 52,-1 52,-3 52,-8 52,-8 52,-17 52,-18 52,-14 52,-23 52,-17 52,-17 52,-20 52,-12 52,-18 52,-6 52,-14 52,-13 52,-19 52,-10 52,-10 52,-15 52,-11 52,-21 52,-23 52,-15 52,-14 52,-5 52,-7 52,-8 52,-8 52,-13 52,-12 52,-9 52,-10 52,-12 52,-9 52,-14 27,12 52,-16 52,-9 52,-20 52,-16 52,-12 52,-16 52,-23 52,-9 32,12 52,-13 52,-10 52,-4 52,-4 52,-17 52,-11 52,-8 52,-11 52,-3 52,-10 39,2 52,-3 52,-6 52,-9 52,-10 52,-5 52,-9 52,-7 52,-12 38,4 52,-10 52,-12 52,-10 52,-5 52,-1 52,-6 52,-17 52,-16 52,-15 52,-12 
52,-3 52,-7 52,-5 52,-10 52,-2 52,-8 52,-7 29,13 52,-5 52,-6 52,-6 52,-4 52,-9 52,-2 52,-5 52,-6 52,-1 52,-6 52,-5 52,-10 52,-4 52,-4 52,-9 52,-7 52,-5 52,-3 52,-7 52,-8 52,-4 52,-6 52,-3 33,9 52,-8 52,-7 52,-2 52,-9 52,-6 52,-6 52,-4 52,-8 52,-14 39,4 52,-5 52,-14 52,-10 52,-12 52,-21 52,-12 52,-19 52,-6 52,-1 52,-3 52,-8 52,-8 27,8 52,-18 52,-14 52,-23 52,-17 52,-17 52,-20 52,-12 52,-18 38,8 52,-14 52,-13 52,-19 52,-10 52,-10 52,-15 52,-11 52,-21 38,-9 52,-15 52,-14 52,-5 52,-7 52,-8 52,-8 52,-13 52,-12 52,-9 52,-10 52,-12 52,-9 52,-14 52,-13 52,-16 52,-9 52,-20 52,-16 52,-12 52,-16 52,-23 52,-9 52,-8 52,-13 52,-10 52,-4 52,-4 52,-17 52,-11 52,-8 52,-11 52,-3 52,-10 52,-11 52,-3 52,-6 52,-9 52,-10 52,-5 52,-9 52,-7 52,-12 52,-10 52,-10 52,-12 52,-10 52,-5 52,-1 52,-6 52,-17 52,-16 52,-15 52,-12 
52,-3 52,-7 52,-5 52,-10 52,-2 52,-8 52,-7 52,-10 31,16 52,-6 52,-6 52,-4 52,-9 52,-2 52,-5 52,-6 52,-1 52,-6 52,-5 52,-10 52,-4 52,-4 52,-9 52,-7 52,-5 52,-3 52,-7 52,-8 52,-4 52,-6 38,11 52,-10 52,-8 52,-7 52,-2 52,-9 52,-6 52,-6 39,9 52,-8 52,-14 52,-9 40,7 52,-14 52,-10 52,-12 52,-21 52,-12 52,-19 52,-6 52,-1 52,-3 32,12 52,-8 52,-17 52,-18 52,-14 52,-23 52,-17 52,-17 52,-20 52,-12 52,-18 52,-6 52,-14 52,-13 52,-19 52,-10 52,-10 52,-15 52,-11 52,-21 52,-23 52,-15 52,-14 52,-5 52,-7 52,-8 52,-8 52,-13 52,-12 52,-9 52,-10 52,-12 52,-9 52,-14 52,-13 52,-16 52,-9 52,-20 52,-16 52,-12 52,-16 52,-23 52,-9 52,-8 52,-13 52,-10 52,-4 52,-4 38,-3 52,-11 52,-8 52,-11 52,-3 52,-10 52,-11 52,-3 52,-6 52,-9 52,-10 52,-5 52,-9 52,-7 52,-12 52,-10 52,-10 52,-12 52,-10 52,-5 52,-1 52,-6 52,-17 52,-16 52,-15 52,-12 
52,-3 52,-7 52,-5 52,-10 52,-2 52,-8 52,-7 52,-10 52,-5 52,-6 35,11 52,-4 52,-9 52,-2 52,-5 52,-6 52,-1 52,-6 52,-5 52,-10 52,-4 52,-4 52,-9 52,-7 52,-5 52,-3 52,-7 52,-8 52,-4 52,-6 52,-3 52,-10 52,-8 52,-7 52,-2 52,-9 52,-6 52,-6 52,-4 52,-8 52,-14 52,-9 52,-5 52,-14 52,-10 52,-12 52,-21 52,-12 52,-19 52,-6 52,-1 52,-3 52,-8 52,-8 52,-17 52,-18 52,-14 52,-23 52,-17 52,-17 52,-20 52,-12 52,-18 52,-6 52,-14 42,-3 52,-19 52,-10 52,-10 52,-15 52,-11 52,-21 52,-23 52,-15 38,0 52,-5 52,-7 52,-8 52,-8 52,-13 52,-12 52,-9 52,-10 52,-12 27,16 52,-14 52,-13 52,-16 52,-9 52,-20 52,-16 52,-12 52,-16 52,-23 52,-9 52,-8 52,-13 52,-10 52,-4 52,-4 52,-17 52,-11 52,-8 52,-11 52,-3 52,-10 52,-11 26,23 52,-6 52,-9 52,-10 52,-5 52,-9 52,-7 52,-12 52,-10 52,-10 52,-12 52,-10 52,-5 38,13 52,-6 52,-17 52,-16 52,-15 52,-12 
52,-3 52,-7 52,-5 52,-10 52,-2 52,-8 52,-7 52,-10 52,-5 52,-6 52,-6 28,20 52,-9 52,-2 52,-5 52,-6 52,-1 52,-6 52,-5 52,-10 52,-4 52,-4 52,-9 38,7 52,-5 52,-3 52,-7 52,-8 52,-4 38,8 52,-3 52,-10 52,-8 52,-7 52,-2 52,-9 52,-6 52,-6 52,-4 52,-8 52,-14 52,-9 52,-5 52,-14 52,-10 52,-12 52,-21 52,-12 52,-19 52,-6 31,20 52,-3 52,-8 52,-8 52,-17 52,-18 52,-14 52,-23 52,-17 52,-17 52,-20 52,-12 38,-4 52,-6 52,-14 52,-13 52,-19 52,-10 52,-10 52,-15 52,-11 52,-21 52,-23 52,-15 52,-14 52,-5 52,-7 52,-8 52,-8 52,-13 52,-12 52,-9 52,-10 52,-12 52,-9 52,-14 52,-13 52,-16 52,-9 52,-20 52,-16 52,-12 52,-16 52,-23 52,-9 52,-8 52,-13 52,-10 52,-4 52,-4 52,-17 52,-11 52,-8 39,2 52,-3 52,-10 52,-11 52,-3 52,-6 52,-9 52,-10 52,-5 52,-9 52,-7 52,-12 52,-10 52,-10 52,-12 52,-10 52,-5 52,-1 52,-6 52,-17 52,-16 52,-15 52,-12 
52,-3 52,-7 52,-5 52,-10 52,-2 52,-8 52,-7 52,-10 52,-5 52,-6 52,-6 52,-4 31,12 52,-2 52,-5 52,-6 52,-1 52,-6 52,-5 52,-10 52,-4 52,-4 52,-9 52,-7 52,-5 52,-3 52,-7 52,-8 52,-4 52,-6 52,-3 52,-10 52,-8 52,-7 52,-2 52,-9 52,-6 33,13 52,-4 52,-8 52,-14 52,-9 52,-5 52,-14 52,-10 52,-12 39,-8 52,-12 52,-19 52,-6 52,-1 52,-3 52,-8 52,-8 52,-17 52,-18 27,11 52,-23 52,-17 52,-17 52,-20 52,-12 52,-18 52,-6 52,-14 52,-13 52,-19 52,-10 52,-10 52,-15 52,-11 52,-21 52,-23 40,-3 52,-14 52,-5 52,-7 52,-8 52,-8 52,-13 52,-12 52,-9 52,-10 52,-12 52,-9 52,-14 52,-13 52,-16 52,-9 52,-20 52,-16 52,-12 52,-16 52,-23 52,-9 52,-8 52,-13 52,-10 38,10 52,-4 52,-17 52,-11 52,-8 52,-11 52,-3 52,-10 52,-11 52,-3 52,-6 52,-9 52,-10 52,-5 52,-9 52,-7 52,-12 52,-10 52,-10 52,-12 52,-10 52,-5 52,-1 52,-6 52,-17 52,-16 52,-15 52,-12 
52,-3 52,-10 52,-8 52,-13 52,-5 52,-11 52,-10 52,-13 52,-8 52,-9 52,-9 52,-7 52,-12 30,17 52,-8 52,-9 52,-4 52,-9 52,-8 52,-13 52,-7 52,-7 52,-12 52,-10 52,-8 52,-6 52,-10 52,-11 52,-7 52,-9 52,-6 52,-13 52,-11 52,-10 33,14 52,-12 52,-9 52,-9 52,-7 52,-11 52,-14 52,-9 52,-5 52,-17 52,-13 52,-15 52,-24 52,-15 52,-22 52,-9 52,-4 24,22 52,-11 52,-11 52,-20 52,-21 52,-17 52,-26 52,-20 52,-20 39,-10 52,-15 52,-21 52,-9 52,-17 52,-16 52,-22 52,-13 52,-13 52,-18 52,-14 52,-24 52,-26 52,-18 52,-17 52,-8 52,-10 52,-11 52,-11 52,-16 52,-15 52,-12 52,-13 52,-15 52,-12 52,-17 52,-16 52,-19 52,-12 52,-23 40,-7 52,-15 52,-19 52,-26 52,-12 52,-11 52,-16 52,-13 52,-7 52,-7 52,-20 38,0 52,-11 52,-14 52,-6 52,-13 52,-14 52,-6 52,-9 52,-12 52,-13 52,-8 52,-12 52,-7 52,-15 52,-13 52,-13 52,-15 52,-13 52,-8 52,-4 52,-9 52,-20 52,-19 52,-18 52,-15 
52,-10 52,-7 52,-12 52,-17 52,-9 52,-15 52,-14 52,-17 52,-12 52,-13 52,-13 52,-11 52,-16 52,-9 29,11 52,-13 52,-8 52,-13 52,-12 52,-17 52,-11 52,-11 52,-16 52,-14 52,-12 52,-10 26,12 52,-15 52,-11 52,-13 52,-10 52,-17 52,-15 52,-14 52,-9 52,-16 52,-13 52,-13 52,-11 52,-15 52,-21 52,-16 52,-12 52,-14 52,-10 52,-12 52,-28 52,-19 52,-26 52,-13 52,-8 52,-10 52,-15 52,-15 52,-24 52,-25 52,-21 52,-30 52,-24 52,-24 52,-27 48,-15 52,-25 52,-13 52,-21 52,-20 52,-26 52,-17 52,-17 52,-22 52,-18 52,-28 52,-30 52,-22 52,-21 16,24 52,-14 52,-15 52,-15 52,-20 52,-19 52,-16 52,-17 52,-19 52,-16 52,-21 52,-20 52,-23 52,-16 52,-27 52,-23 52,-19 52,-23 52,-30 52,-16 52,-15 41,-9 52,-17 52,-11 52,-11 52,-24 52,-18 52,-15 52,-18 52,-10 52,-17 52,-18 52,-10 52,-13 52,-16 52,-17 52,-12 43,-7 52,-14 52,-12 52,-17 52,-17 52,-19 52,-17 52,-12 52,-8 52,-13 52,-24 52,-23 52,-22 52,-19 
52,-8 52,-12 52,-5 52,-15 52,-7 52,-13 52,-12 52,-15 52,-10 52,-11 52,-11 52,-9 52,-14 52,-7 52,-10 31,10 52,-6 52,-11 52,-10 52,-15 52,-9 52,-9 52,-14 52,-12 52,-10 52,-8 52,-12 52,-13 52,-9 52,-11 52,-8 52,-15 52,-13 52,-12 52,-7 38,0 52,-11 52,-11 52,-9 52,-13 52,-19 52,-14 52,-10 52,-19 52,-15 52,-17 52,-21 52,-12 52,-19 52,-6 52,-6 52,-8 52,-13 29,10 52,-22 52,-23 52,-19 52,-28 52,-22 52,-22 52,-25 52,-17 52,-23 52,-11 52,-19 52,-18 52,-24 52,-15 30,7 52,-20 52,-16 52,-21 52,-28 52,-20 52,-19 52,-10 52,-12 52,-13 52,-13 52,-18 52,-17 52,-14 52,-15 52,-17 52,-14 52,-19 52,-18 52,-21 52,-14 52,-25 52,-21 52,-17 52,-21 52,-28 52,-14 52,-13 52,-18 38,-1 52,-9 52,-9 52,-22 52,-16 52,-13 52,-16 52,-8 52,-15 52,-16 52,-8 52,-11 52,-14 52,-15 52,-10 52,-14 39,1 52,-17 52,-15 52,-15 52,-17 52,-15 52,-10 52,-6 52,-11 52,-22 52,-21 52,-20 52,-17 
52,-3 52,-7 52,-5 52,-10 52,-2 52,-8 52,-7 52,-10 52,-5 52,-6 52,-6 52,-4 52,-9 52,-2 52,-5 52,-6 38,13 52,-6 52,-5 52,-10 52,-4 52,-4 52,-9 52,-7 52,-5 52,-3 52,-7 52,-8 52,-4 52,-6 52,-3 52,-10 52,-8 52,-7 52,-2 52,-9 52,-6 52,-6 52,-4 52,-8 52,-14 52,-9 52,-5 52,-14 52,-10 52,-12 52,-21 52,-12 35,-2 52,-6 52,-1 52,-3 52,-8 52,-8 52,-17 52,-18 52,-14 52,-23 52,-17 52,-17 52,-20 52,-12 52,-18 52,-6 52,-14 52,-13 52,-19 52,-10 52,-10 52,-15 52,-11 52,-21 52,-23 52,-15 52,-14 52,-5 52,-7 52,-8 17,27 52,-13 52,-12 52,-9 52,-10 52,-12 52,-9 52,-14 52,-13 52,-16 52,-9 52,-20 52,-16 52,-12 52,-16 42,-13 52,-9 52,-8 52,-13 52,-10 52,-4 52,-4 52,-17 52,-11 52,-8 52,-11 39,10 52,-10 52,-11 52,-3 52,-6 52,-9 52,-10 52,-5 52,-9 52,-7 52,-12 52,-10 52,-10 52,-12 52,-10 48,-1 52,-1 52,-6 52,-17 52,-16 52,-15 52,-12 
52,-13 52,-17 52,-15 52,-10 52,-12 52,-18 52,-17 52,-20 52,-15 52,-16 52,-16 52,-14 52,-19 52,-12 52,-15 52,-16 52,-11 29,7 52,-15 52,-20 52,-14 52,-14 52,-19 52,-17 52,-15 52,-13 52,-17 26,8 52,-14 52,-16 52,-13 52,-20 52,-18 52,-17 52,-12 52,-19 52,-16 52,-16 52,-14 52,-18 52,-24 52,-19 52,-15 52,-24 52,-20 39,-9 52,-31 52,-22 52,-29 52,-16 52,-11 52,-13 52,-18 52,-18 52,-27 52,-18 52,-14 52,-23 52,-17 52,-17 52,-20 52,-12 52,-18 52,-16 52,-24 52,-23 52,-29 52,-20 52,-20 52,-25 52,-21 52,-31 52,-33 52,-25 52,-24 52,-15 16,19 52,-18 52,-18 52,-23 52,-22 52,-19 52,-20 52,-22 52,-19 52,-24 52,-23 52,-26 52,-19 52,-30 52,-26 52,-22 52,-26 52,-33 41,-8 52,-18 52,-23 52,-20 52,-14 52,-14 52,-27 52,-21 52,-18 52,-21 52,-13 52,-20 52,-21 52,-13 52,-16 52,-19 52,-20 52,-15 52,-19 52,-17 52,-22 52,-20 52,-20 52,-22 52,-20 52,-15 52,-11 52,-16 52,-17 43,-17 52,-25 52,-22 
52,-5 52,-9 52,-7 52,-12 52,-2 52,-10 52,-9 52,-12 52,-7 52,-8 52,-8 52,-6 52,-11 52,-4 52,-7 52,-8 52,-3 52,-8 52,-7 52,-12 31,15 52,-6 52,-11 52,-9 52,-7 52,-5 52,-9 52,-10 52,-6 52,-8 52,-5 52,-12 38,4 52,-9 52,-4 52,-11 52,-8 52,-8 52,-6 52,-10 52,-16 52,-11 52,-7 52,-16 52,-12 52,-14 52,-23 52,-14 52,-21 52,-8 52,-3 52,-5 52,-10 52,-10 52,-19 52,-20 52,-16 52,-25 29,4 52,-19 52,-22 52,-14 52,-20 52,-6 52,-14 52,-13 30,3 52,-10 52,-10 52,-17 52,-13 52,-23 52,-25 52,-17 52,-16 52,-7 52,-9 52,-10 52,-10 52,-15 52,-14 52,-11 52,-12 52,-14 52,-11 52,-16 52,-15 52,-18 52,-11 52,-22 52,-18 52,-14 52,-18 52,-25 52,-11 52,-10 52,-15 52,-12 52,-6 52,-6 52,-19 52,-13 52,-10 52,-13 52,-5 52,-12 52,-13 52,-5 52,-8 52,-11 52,-12 39,6 52,-11 52,-9 52,-14 52,-12 52,-12 38,0 52,-12 52,-7 52,-3 52,-8 52,-19 52,-18 52,-17 52,-14 
52,-11 52,-15 52,-13 52,-18 52,-10 52,-8 52,-15 52,-18 52,-13 52,-14 52,-14 52,-12 52,-17 52,-10 52,-13 52,-14 52,-9 52,-14 52,-13 52,-18 52,-12 52,-12 40,-5 52,-15 52,-13 52,-11 52,-15 52,-16 52,-12 52,-14 52,-11 52,-18 52,-16 38,-1 52,-10 52,-17 52,-14 52,-14 52,-12 52,-16 52,-22 52,-17 52,-13 52,-22 52,-18 52,-20 52,-29 52,-20 52,-27 52,-14 52,-9 52,-11 52,-16 52,-16 52,-25 52,-26 52,-22 31,-10 52,-25 52,-25 52,-28 52,-20 52,-26 52,-14 52,-22 52,-21 52,-27 30,4 52,-18 52,-15 52,-19 52,-29 52,-23 52,-23 52,-22 52,-13 52,-15 52,-16 52,-16 52,-21 52,-20 52,-17 52,-18 52,-20 52,-17 52,-22 52,-21 52,-24 52,-17 52,-28 52,-24 52,-20 52,-24 52,-31 52,-17 52,-16 52,-21 52,-18 52,-12 52,-12 52,-25 52,-19 52,-16 52,-19 52,-11 39,-5 52,-19 52,-11 52,-14 52,-17 52,-18 52,-13 52,-17 52,-15 52,-20 52,-18 38,-4 52,-20 52,-18 52,-13 52,-9 52,-14 52,-25 52,-16 52,-23 52,-20 
52,-10 52,-14 52,-12 52,-17 52,-9 52,-15 52,-7 52,-17 52,-12 52,-13 52,-13 52,-11 52,-16 52,-9 52,-12 52,-13 52,-8 52,-13 52,-12 52,-17 52,-11 52,-11 52,-16 52,-14 52,-12 52,-10 52,-14 52,-15 52,-11 52,-13 52,-10 52,-17 52,-15 52,-14 52,-9 52,-16 33,6 52,-13 52,-11 52,-15 52,-21 52,-16 52,-12 52,-21 52,-17 52,-19 52,-28 52,-19 52,-26 52,-13 52,-8 52,-10 52,-15 52,-15 52,-24 24,3 52,-21 52,-30 52,-24 39,-11 52,-27 52,-19 52,-25 52,-13 52,-21 52,-20 52,-26 52,-17 52,-17 30,0 52,-11 52,-28 52,-30 52,-22 52,-21 52,-12 52,-14 52,-15 52,-15 52,-20 52,-19 52,-16 52,-17 52,-19 52,-16 52,-21 52,-20 52,-23 52,-16 31,-6 52,-23 52,-19 52,-23 52,-30 52,-16 52,-15 52,-20 52,-17 52,-11 38,3 52,-24 52,-18 52,-15 52,-18 52,-10 52,-17 52,-18 52,-10 52,-13 52,-16 52,-17 52,-12 52,-16 52,-14 52,-19 52,-17 52,-17 52,-19 52,-17 52,-12 52,-8 52,-13 52,-24 52,-23 52,-15 52,-19 
52,-13 52,-17 52,-15 52,-20 52,-12 52,-18 52,-17 52,-10 52,-15 52,-16 52,-16 52,-14 52,-19 52,-12 52,-15 52,-16 52,-11 52,-16 52,-15 52,-20 52,-14 52,-14 52,-19 52,-17 52,-15 52,-13 52,-17 52,-18 52,-14 52,-16 52,-13 52,-20 52,-18 52,-17 52,-12 52,-19 52,-16 52,-16 52,-14 52,-18 52,-24 52,-19 52,-15 52,-24 52,-20 52,-22 52,-31 35,-5 52,-29 52,-16 52,-11 52,-13 52,-18 52,-18 52,-27 52,-28 52,-24 52,-33 52,-27 52,-27 52,-30 52,-22 52,-28 52,-16 52,-24 52,-23 52,-29 52,-20 52,-20 52,-25 52,-21 38,-7 52,-23 52,-25 52,-24 52,-15 52,-17 27,7 52,-18 52,-23 52,-22 52,-19 52,-20 52,-22 52,-19 52,-24 52,-23 52,-26 52,-19 52,-30 52,-26 52,-22 42,-16 52,-33 52,-19 52,-18 52,-23 52,-20 52,-14 52,-14 52,-27 52,-21 52,-18 52,-21 52,-13 52,-20 52,-21 52,-13 52,-16 30,3 52,-20 52,-15 52,-19 52,-17 52,-22 52,-20 52,-20 52,-22 48,-16 52,-15 52,-11 52,-16 52,-27 52,-26 52,-25 52,-12 
