7
1
1
28
7|8|9|10|17|23|25|31|32|33|34|35|36|39|40|41|63|64|65|66|67|69|72|73|74|87|88|91
20,-2 21,-8 21,-8 21,-7 21,-4 21,-3 21,-4 21,-6 21,-2 21,-10 16,-3 21,-1 21,-1 21,-10 21,-8 9,7 21,-7 21,-6 21,-8 21,-9 13,-3 21,-11 21,-11 21,-7 21,-8 21,-21 21,-17 21,-17 
21,-3 21,-8 21,-8 21,-7 21,-4 21,-3 21,-4 21,-6 21,-2 21,-10 21,-8 21,-1 16,4 21,-10 9,4 21,-5 21,-7 21,-6 21,-8 13,-1 21,-11 21,-11 20,-10 21,-7 21,-8 21,-21 21,-17 21,-17 
21,-3 21,-8 21,-8 21,-7 21,-4 21,-3 21,-4 21,-6 21,-2 21,-10 21,-8 16,4 21,-1 9,2 21,-8 21,-5 21,-7 21,-6 13,0 21,-9 21,-11 21,-11 21,-11 20,-6 21,-8 21,-21 21,-17 21,-17 
21,-3 21,-8 21,-8 21,-7 21,-4 21,-3 16,1 21,-6 14,5 21,-10 21,-8 21,-1 21,-1 21,-10 21,-8 21,-5 21,-7 13,2 21,-8 21,-9 21,-11 21,-11 21,-11 21,-7 20,-7 21,-21 21,-17 21,-17 
21,-3 20,-7 21,-8 21,-7 21,-4 16,2 21,-4 14,1 21,-2 21,-10 21,-8 21,-1 21,-1 21,-10 21,-8 21,-5 13,1 21,-6 21,-8 21,-9 21,-11 21,-11 21,-11 21,-7 21,-8 21,-21 21,-17 21,-17 
21,-3 21,-8 21,-8 20,-6 16,1 21,-3 21,-4 21,-6 21,-2 14,-3 21,-8 21,-1 21,-1 21,-10 21,-8 21,-5 21,-7 21,-6 21,-8 21,-9 21,-11 21,-11 21,-11 21,-7 21,-8 21,-21 21,-17 13,-9 
21,-3 21,-11 20,-10 21,-10 21,-4 21,-6 21,-7 21,-9 21,-5 21,-13 21,-11 21,-4 21,-4 21,-13 21,-11 21,-8 21,-10 21,-9 21,-11 21,-12 21,-11 13,-6 21,-11 21,-7 21,-8 16,-16 14,-13 21,-20 
