16
1
1
96
18|19|20|21|22|23|24|25|26|27|28|29|30|57|67|85|87|98|99|100|101|102|103|104|105|106|112|130|131|133|134|135|140|141|143|147|148|149|150|161|162|163|166|171|172|173|174|175|176|177|178|179|180|182|183|204|209|236|237|238|239|240|241|242|243|244|245|246|247|251|264|265|266|274|278|279|301|302|303|304|305|306|307|322|326|378|379|380|381|382|383|406|409|417|418|420
47,-1 47,-2 47,-8 47,-5 47,-7 47,-10 26,13 47,-9 47,-8 47,-4 47,-4 47,-4 47,-9 47,-3 47,-3 47,-7 47,-7 47,-2 38,-1 47,-2 47,-8 47,-3 47,-7 47,-8 47,-7 47,-9 47,-6 37,-5 47,-2 47,-1 47,-2 47,-10 47,-5 47,-2 47,-8 47,-8 47,-6 47,-3 47,-10 47,-6 24,14 47,-8 47,-2 47,-2 47,-5 47,-3 47,-4 47,-3 47,-9 47,-9 47,-8 35,7 47,-9 47,-3 47,-3 47,-12 47,-16 47,-17 47,-20 47,-19 47,-20 47,-14 47,-12 47,-13 47,-12 47,-15 47,-15 47,-15 47,-16 47,-16 47,-11 47,-17 47,-17 47,-12 47,-13 47,-14 47,-18 47,-10 47,-14 47,-12 47,-15 47,-10 47,-19 47,-8 47,-14 47,-9 28,18 47,-9 47,-3 47,-5 47,-4 47,-7 47,-7 47,-10 47,-9 47,-15 
47,-1 47,-2 47,-8 47,-5 47,-7 47,-10 47,-8 47,-9 47,-8 47,-4 47,-4 47,-4 37,1 47,-3 47,-3 47,-7 47,-7 47,-2 47,-10 34,11 47,-8 47,-3 47,-7 47,-8 47,-7 47,-9 37,4 47,-15 47,-2 47,-1 47,-2 47,-10 47,-5 47,-2 47,-8 47,-8 47,-6 47,-3 47,-10 29,12 47,-9 47,-8 47,-2 47,-2 47,-5 47,-3 47,-4 47,-3 47,-9 47,-9 47,-8 47,-5 47,-9 47,-3 47,-3 28,7 47,-16 47,-17 47,-20 47,-19 47,-20 47,-14 35,0 47,-13 47,-12 47,-15 47,-15 47,-15 47,-16 47,-16 47,-11 47,-17 47,-17 47,-12 47,-13 47,-14 47,-18 47,-10 47,-14 47,-12 47,-15 47,-10 47,-19 47,-8 47,-14 47,-9 47,-1 47,-9 47,-3 47,-5 47,-4 47,-7 47,-7 47,-10 47,-9 47,-15 
47,-1 47,-2 47,-8 47,-5 47,-7 47,-10 47,-8 37,1 47,-8 47,-4 47,-4 47,-4 47,-9 47,-3 47,-3 47,-7 47,-7 47,-2 47,-10 47,-2 47,-8 47,-3 47,-7 38,1 47,-7 47,-9 47,-6 47,-15 47,-2 47,-1 47,-2 47,-10 47,-5 47,-2 47,-8 47,-8 47,-6 47,-3 47,-10 47,-6 47,-9 33,6 47,-2 47,-2 47,-5 47,-3 47,-4 47,-3 47,-9 37,1 47,-8 47,-5 47,-9 47,-3 47,-3 47,-12 47,-16 47,-17 47,-20 47,-19 47,-20 47,-14 47,-12 47,-13 47,-12 47,-15 35,-3 47,-15 47,-16 47,-16 47,-11 47,-17 47,-17 47,-12 47,-13 47,-14 47,-18 47,-10 47,-14 47,-12 47,-15 47,-10 47,-19 47,-8 47,-14 47,-9 47,-1 28,10 47,-3 47,-5 47,-4 47,-7 47,-7 47,-10 47,-9 47,-15 
47,-1 47,-2 47,-8 47,-5 47,-7 20,17 47,-8 47,-9 47,-8 47,-4 47,-4 47,-4 47,-9 47,-3 47,-3 47,-7 47,-7 47,-2 47,-10 47,-2 38,1 47,-3 47,-7 47,-8 47,-7 47,-9 47,-6 47,-15 47,-2 47,-1 47,-2 47,-10 47,-5 47,-2 47,-8 47,-8 37,4 47,-3 47,-10 47,-6 47,-9 47,-8 27,18 47,-2 47,-5 47,-3 47,-4 47,-3 47,-9 47,-9 47,-8 47,-5 35,3 47,-3 47,-3 47,-12 47,-16 47,-17 47,-20 47,-19 47,-20 47,-14 47,-12 47,-13 47,-12 47,-15 47,-15 47,-15 47,-16 28,3 47,-11 47,-17 47,-17 47,-12 47,-13 47,-14 47,-18 47,-10 47,-14 47,-12 47,-15 47,-10 47,-19 47,-8 47,-14 47,-9 47,-1 47,-9 47,-3 47,-5 47,-4 47,-7 47,-7 47,-10 47,-9 47,-15 
47,-1 47,-2 47,-8 47,-5 47,-7 47,-10 47,-8 47,-9 47,-8 47,-4 47,-4 22,21 47,-9 47,-3 47,-3 47,-7 47,-7 47,-2 47,-10 47,-2 47,-8 47,-3 38,2 47,-8 47,-7 47,-9 47,-6 47,-15 47,-2 47,-1 47,-2 47,-10 47,-5 47,-2 47,-8 47,-8 47,-6 37,7 47,-10 47,-6 47,-9 47,-8 47,-2 24,21 47,-5 47,-3 47,-4 47,-3 47,-9 47,-9 47,-8 47,-5 47,-9 47,-3 47,-3 47,-12 47,-16 47,-17 47,-20 47,-19 47,-20 47,-14 47,-12 47,-13 47,-12 47,-15 47,-15 47,-15 47,-16 47,-16 47,-11 47,-17 47,-17 47,-12 47,-13 35,-2 47,-18 47,-10 47,-14 47,-12 47,-15 47,-10 47,-19 47,-8 47,-14 24,14 47,-1 47,-9 47,-3 47,-5 47,-4 47,-7 47,-7 47,-10 47,-9 47,-15 
47,-1 47,-2 37,2 47,-5 47,-7 47,-10 47,-8 47,-9 47,-8 47,-4 47,-4 47,-4 47,-9 47,-3 47,-3 47,-7 47,-7 38,7 47,-10 47,-2 47,-8 47,-3 47,-7 47,-8 47,-7 47,-9 47,-6 47,-15 37,8 47,-1 47,-2 47,-10 47,-5 47,-2 47,-8 47,-8 47,-6 47,-3 47,-10 47,-6 47,-9 47,-8 47,-2 47,-2 33,9 47,-3 47,-4 47,-3 47,-9 47,-9 47,-8 47,-5 47,-9 47,-3 47,-3 47,-12 28,3 47,-17 47,-20 35,-7 47,-20 47,-14 47,-12 47,-13 47,-12 47,-15 47,-15 47,-15 47,-16 47,-16 47,-11 47,-17 47,-17 47,-12 47,-13 47,-14 47,-18 47,-10 47,-14 47,-12 47,-15 47,-10 47,-19 47,-8 47,-14 47,-9 47,-1 47,-9 47,-3 47,-5 47,-4 47,-7 47,-7 47,-10 47,-9 47,-15 
47,-1 47,-2 47,-8 47,-5 47,-7 47,-10 47,-8 47,-9 47,-8 47,-4 47,-4 47,-4 47,-9 47,-3 47,-3 47,-7 47,-7 47,-2 47,-10 47,-2 47,-8 38,6 47,-7 47,-8 47,-7 47,-9 47,-6 47,-15 47,-2 47,-1 47,-2 47,-10 47,-5 47,-2 47,-8 47,-8 47,-6 47,-3 47,-10 47,-6 47,-9 47,-8 47,-2 47,-2 47,-5 47,-3 33,10 47,-3 47,-9 47,-9 37,2 47,-5 47,-9 47,-3 47,-3 47,-12 47,-16 47,-17 47,-20 47,-19 47,-20 20,13 47,-12 47,-13 47,-12 47,-15 47,-15 47,-15 47,-16 47,-16 47,-11 47,-17 47,-17 47,-12 47,-13 47,-14 47,-18 47,-10 47,-14 47,-12 47,-15 47,-10 47,-19 37,2 47,-14 47,-9 47,-1 47,-9 47,-3 20,22 47,-4 47,-7 47,-7 47,-10 47,-9 47,-15 
47,-1 47,-2 47,-8 47,-5 47,-7 47,-10 47,-8 47,-9 47,-8 47,-4 22,21 47,-4 47,-9 47,-3 47,-3 47,-7 47,-7 47,-2 47,-10 47,-2 47,-8 47,-3 47,-7 47,-8 47,-7 38,0 47,-6 47,-15 47,-2 47,-1 47,-2 47,-10 47,-5 47,-2 47,-8 47,-8 47,-6 47,-3 47,-10 47,-6 47,-9 47,-8 47,-2 47,-2 47,-5 47,-3 47,-4 24,20 37,1 47,-9 47,-8 47,-5 47,-9 47,-3 47,-3 47,-12 47,-16 47,-17 47,-20 47,-19 47,-20 47,-14 47,-12 47,-13 47,-12 47,-15 47,-15 47,-15 47,-16 47,-16 47,-11 47,-17 47,-17 47,-12 35,-1 47,-14 47,-18 47,-10 47,-14 47,-12 47,-15 47,-10 47,-19 47,-8 47,-14 47,-9 47,-1 47,-9 24,20 47,-5 47,-4 47,-7 47,-7 47,-10 47,-9 47,-15 
47,-1 47,-2 47,-8 47,-5 47,-7 47,-10 47,-8 47,-9 47,-8 47,-4 47,-4 47,-4 47,-9 47,-3 47,-3 47,-7 47,-7 47,-2 47,-10 47,-2 47,-8 47,-3 47,-7 47,-8 38,2 47,-9 47,-6 47,-15 47,-2 47,-1 47,-2 47,-10 47,-5 47,-2 47,-8 37,2 47,-6 47,-3 47,-10 47,-6 47,-9 47,-8 47,-2 47,-2 47,-5 33,11 47,-4 47,-3 47,-9 47,-9 47,-8 47,-5 47,-9 47,-3 47,-3 47,-12 47,-16 47,-17 47,-20 47,-19 47,-20 47,-14 47,-12 20,14 47,-12 47,-15 47,-15 47,-15 47,-16 47,-16 47,-11 47,-17 47,-17 47,-12 47,-13 47,-14 47,-18 47,-10 47,-14 47,-12 47,-15 47,-10 47,-19 47,-8 37,-4 47,-9 47,-1 47,-9 47,-3 47,-5 20,23 47,-7 47,-7 47,-10 47,-9 47,-15 
35,11 47,-2 47,-8 47,-5 47,-7 47,-10 47,-8 47,-9 47,-8 47,-4 47,-4 47,-4 47,-9 47,-3 28,16 47,-7 31,9 47,-2 47,-10 47,-2 47,-8 47,-3 47,-7 47,-8 47,-7 47,-9 47,-6 47,-15 47,-2 47,-1 47,-2 47,-10 47,-5 47,-2 47,-8 47,-8 47,-6 47,-3 40,-3 47,-6 47,-9 47,-8 47,-2 47,-2 47,-5 47,-3 47,-4 47,-3 47,-9 47,-9 47,-8 47,-5 47,-9 47,-3 47,-3 47,-12 47,-16 47,-17 47,-20 47,-19 47,-20 47,-14 47,-12 47,-13 47,-12 47,-15 47,-15 14,18 47,-16 47,-16 47,-11 47,-17 47,-17 47,-12 47,-13 47,-14 47,-18 47,-10 47,-14 47,-12 44,-12 47,-10 47,-19 47,-8 47,-14 47,-9 47,-1 47,-9 47,-3 47,-5 47,-4 47,-7 47,-7 47,-10 47,-9 47,-15 
47,-1 47,-2 47,-8 47,-5 47,-7 47,-10 47,-8 47,-9 31,8 47,-4 47,-4 47,-4 47,-9 47,-3 47,-3 47,-7 47,-7 47,-2 47,-10 47,-2 47,-8 47,-3 47,-7 47,-8 47,-7 47,-9 47,-6 47,-15 47,-2 47,-1 47,-2 47,-10 28,14 47,-2 47,-8 47,-8 47,-6 47,-3 47,-10 47,-6 47,-9 47,-8 47,-2 47,-2 47,-5 47,-3 47,-4 47,-3 47,-9 47,-9 47,-8 47,-5 47,-9 47,-3 47,-3 47,-12 47,-16 47,-17 47,-20 47,-19 47,-20 47,-14 47,-12 47,-13 47,-12 47,-15 47,-15 47,-15 26,5 47,-16 47,-11 47,-17 41,-11 47,-12 47,-13 47,-14 47,-18 47,-10 47,-14 47,-12 47,-15 47,-10 26,2 47,-8 47,-14 47,-9 47,-1 47,-9 47,-3 47,-5 47,-4 47,-7 47,-7 47,-10 47,-9 34,-2 
47,-1 47,-2 47,-8 47,-5 47,-7 47,-10 47,-8 47,-9 47,-8 31,12 47,-4 47,-4 47,-9 47,-3 47,-3 47,-7 47,-7 47,-2 47,-10 47,-2 47,-8 47,-3 47,-7 47,-8 47,-7 47,-9 47,-6 47,-15 47,-2 47,-1 47,-2 47,-10 47,-5 28,17 47,-8 47,-8 47,-6 47,-3 47,-10 47,-6 47,-9 47,-8 47,-2 47,-2 47,-5 47,-3 47,-4 47,-3 47,-9 47,-9 47,-8 47,-5 47,-9 47,-3 47,-3 47,-12 47,-16 47,-17 26,1 47,-19 47,-20 47,-14 47,-12 47,-13 47,-12 47,-15 47,-15 47,-15 47,-16 47,-16 47,-11 41,-11 47,-17 47,-12 47,-13 47,-14 47,-18 47,-10 47,-14 47,-12 47,-15 26,11 47,-19 47,-8 47,-14 47,-9 47,-1 47,-9 47,-3 47,-5 47,-4 34,6 47,-7 47,-10 47,-9 47,-15 
47,-1 31,14 47,-8 47,-5 47,-7 47,-10 47,-8 47,-9 47,-8 47,-4 47,-4 47,-4 47,-9 34,10 47,-3 47,-7 47,-7 47,-2 47,-10 47,-2 47,-8 47,-3 47,-7 47,-8 47,-7 47,-9 47,-6 47,-15 47,-2 47,-1 47,-2 47,-10 47,-5 47,-2 28,11 47,-8 47,-6 47,-3 47,-10 47,-6 47,-9 47,-8 47,-2 47,-2 47,-5 47,-3 47,-4 47,-3 47,-9 47,-9 47,-8 47,-5 47,-9 47,-3 47,-3 47,-12 47,-16 47,-17 47,-20 47,-19 47,-20 47,-14 47,-12 47,-13 47,-12 26,6 47,-15 47,-15 47,-16 47,-16 41,-5 47,-17 47,-17 47,-12 47,-13 47,-14 47,-18 47,-10 47,-14 26,9 47,-15 47,-10 47,-19 47,-8 47,-14 47,-9 47,-1 47,-9 47,-3 47,-5 47,-4 47,-7 47,-7 47,-10 47,-9 47,-15 
47,-1 47,-2 47,-8 47,-5 31,9 47,-10 47,-8 47,-9 47,-8 47,-4 47,-4 47,-4 47,-9 47,-3 47,-3 47,-7 47,-7 47,-2 47,-10 47,-2 47,-8 47,-3 47,-7 47,-8 47,-7 47,-9 47,-6 47,-15 47,-2 28,18 47,-2 47,-10 47,-5 47,-2 47,-8 47,-8 47,-6 47,-3 47,-10 47,-6 47,-9 47,-8 47,-2 47,-2 47,-5 47,-3 47,-4 47,-3 47,-9 47,-9 47,-8 47,-5 47,-9 47,-3 41,3 47,-12 47,-16 47,-17 47,-20 47,-19 47,-20 47,-14 47,-12 47,-13 26,9 47,-15 47,-15 47,-15 47,-16 47,-16 47,-11 47,-17 47,-17 47,-12 47,-13 47,-14 47,-18 47,-10 22,11 47,-12 47,-15 47,-10 47,-19 47,-8 47,-14 47,-9 47,-1 47,-9 47,-3 47,-5 47,-4 47,-7 47,-7 47,-10 34,4 47,-15 
47,-1 47,-2 47,-8 31,11 47,-7 47,-10 47,-8 47,-9 47,-8 47,-4 47,-4 47,-4 47,-9 47,-3 47,-3 47,-7 47,-7 47,-2 47,-10 47,-2 47,-8 47,-3 47,-7 47,-8 47,-7 47,-9 47,-6 47,-15 47,-2 47,-1 28,17 47,-10 47,-5 47,-2 47,-8 47,-8 47,-6 47,-3 47,-10 47,-6 47,-9 47,-8 47,-2 47,-2 47,-5 47,-3 47,-4 47,-3 47,-9 47,-9 47,-8 47,-5 47,-9 47,-3 47,-3 47,-12 47,-16 47,-17 47,-20 47,-19 26,1 47,-14 47,-12 47,-13 47,-12 47,-15 47,-15 47,-15 47,-16 47,-16 47,-11 47,-17 47,-17 41,-6 47,-13 47,-14 47,-18 29,8 47,-14 47,-12 47,-15 47,-10 47,-19 47,-8 47,-14 47,-9 47,-1 47,-9 47,-3 47,-5 47,-4 47,-7 47,-7 40,-3 47,-9 47,-15 
47,-1 47,-2 47,-8 47,-5 47,-7 47,-10 47,-8 47,-9 47,-8 47,-4 47,-4 47,-4 47,-9 47,-3 47,-3 31,9 47,-7 47,-2 47,-10 47,-2 47,-8 47,-3 47,-7 47,-8 47,-7 47,-9 47,-6 47,-15 47,-2 47,-1 47,-2 28,9 47,-5 47,-2 47,-8 47,-8 47,-6 47,-3 47,-10 47,-6 47,-9 47,-8 47,-2 47,-2 47,-5 47,-3 47,-4 47,-3 47,-9 47,-9 47,-8 47,-5 47,-9 41,3 47,-3 47,-12 47,-16 26,4 47,-20 47,-19 47,-20 47,-14 47,-12 47,-13 47,-12 47,-15 47,-15 47,-15 47,-16 47,-16 47,-11 47,-17 47,-17 47,-12 47,-13 47,-14 28,1 47,-10 47,-14 47,-12 47,-15 47,-10 47,-19 47,-8 47,-14 47,-9 47,-1 47,-9 47,-3 47,-5 47,-4 47,-7 34,6 47,-10 47,-9 47,-15 
