6
1
1
60
130|131|132|133|134|135|138|140|142|144|18|21|23|158|32|37|38|167|39|169|170|43|40|45|166|41|44|49|50|52|57|59|61|165|64|65|67|68|70|78|79|168|82|83|84|86|87|88|89|93|94|96|102|105|106|107|109|112|114|115
73,-1 47,24 73,-16 73,-5 73,-7 73,-6 73,-5 73,-12 73,-3 73,-15 65,0 73,-9 73,-8 73,-7 66,-1 73,-3 73,-4 54,2 73,-10 73,-9 73,-19 73,-2 73,-2 59,11 73,-8 73,-10 73,-8 73,-2 73,-2 52,16 73,-3 73,-9 73,-3 73,-15 60,6 73,-8 73,-7 73,-9 73,-9 73,-7 73,-10 73,-18 72,-8 73,-8 73,-5 73,-8 68,-4 73,-10 73,-6 73,-1 73,-2 73,-2 73,-6 73,-4 73,-5 73,-4 73,-5 65,5 73,-6 73,-7 
73,-1 73,-2 73,-16 73,-5 73,-7 44,23 73,-5 73,-12 73,-3 66,-8 73,-8 60,4 73,-8 73,-7 73,-8 54,16 73,-4 73,-17 73,-10 53,11 73,-19 73,-2 73,-2 73,-3 73,-8 73,-10 73,-8 73,-2 73,-2 73,-5 60,10 49,15 73,-3 73,-15 73,-7 73,-8 73,-7 73,-9 73,-9 73,-7 73,-10 73,-18 73,-9 73,-8 73,-5 72,-7 73,-9 68,-5 73,-6 73,-1 73,-2 73,-2 73,-6 73,-4 73,-5 65,4 73,-5 73,-3 73,-6 73,-7 
73,-1 73,-2 73,-16 73,-5 44,22 73,-6 73,-5 73,-12 73,-3 73,-15 73,-8 73,-9 65,0 73,-7 73,-8 73,-3 52,17 73,-17 73,-10 73,-9 53,1 65,6 73,-2 73,-3 73,-8 73,-10 73,-8 73,-2 73,-2 73,-5 73,-3 73,-9 64,6 73,-15 73,-7 73,-8 73,-7 63,1 73,-9 72,-6 73,-10 73,-18 73,-9 73,-8 73,-5 73,-8 73,-9 73,-10 73,-6 68,4 73,-2 73,-2 73,-6 73,-4 73,-5 73,-4 65,3 73,-3 73,-6 73,-7 
73,-1 73,-2 73,-16 46,22 73,-7 73,-6 73,-5 73,-12 65,5 73,-15 73,-8 73,-9 73,-8 73,-7 73,-8 73,-3 73,-4 73,-17 55,8 73,-9 73,-19 73,-2 33,38 73,-3 54,11 73,-10 73,-8 73,-2 73,-2 73,-5 73,-3 73,-9 73,-3 73,-15 73,-7 59,6 73,-7 73,-9 73,-9 73,-7 72,-9 73,-18 73,-9 73,-8 73,-5 73,-8 73,-9 73,-10 73,-6 73,-1 73,-2 68,3 73,-6 73,-4 73,-5 73,-4 73,-5 73,-3 65,2 63,3 
73,-1 73,-2 47,10 73,-5 73,-7 73,-6 73,-5 65,-4 73,-3 73,-15 73,-8 73,-9 73,-8 66,0 73,-8 73,-3 73,-4 73,-17 73,-10 73,-9 73,-19 73,-2 73,-2 73,-3 73,-8 59,4 73,-8 52,19 73,-2 73,-5 73,-3 73,-9 73,-3 54,4 73,-7 73,-8 73,-7 73,-9 60,4 73,-7 73,-10 73,-18 73,-9 73,-8 72,-4 73,-8 73,-9 73,-10 68,-1 73,-1 73,-2 73,-2 73,-6 65,4 73,-5 73,-4 73,-5 73,-3 73,-6 73,-7 
47,25 73,-2 73,-16 73,-5 73,-7 73,-6 65,3 73,-12 73,-3 73,-15 73,-8 73,-9 73,-8 73,-7 73,-8 73,-3 73,-4 73,-17 73,-10 73,-9 73,-19 73,-2 73,-2 73,-3 73,-8 73,-10 59,6 73,-2 52,19 73,-5 73,-3 73,-9 73,-3 73,-15 73,-7 73,-8 60,6 73,-9 73,-9 73,-7 73,-10 54,1 73,-9 72,-7 73,-5 73,-8 73,-9 73,-10 73,-6 73,-1 68,3 73,-2 66,1 73,-4 65,3 73,-4 73,-5 73,-3 73,-6 73,-7 
