21
1
1
126
13|14|15|17|18|19|20|21|22|24|25|26|28|30|44|50|51|52|55|57|67|68|69|73|82|83|84|85|87|98|99|100|101|102|103|104|105|106|111|112|130|131|135|143|148|149|150|154|155|156|163|165|166|168|169|171|172|173|175|176|177|178|179|180|182|183|185|186|187|190|207|215|219|225|227|236|237|238|239|240|241|242|243|244|245|246|247|248|249|252|254|256|268|269|270|272|273|277|278|279|280|281|299|300|301|302|303|304|305|306|307|308|309|313|314|384|386|387|404|405|406|408|417|419|420|421
41,-4 47,-4 47,-10 47,-1 47,-1 47,-2 47,-8 47,-5 47,-7 31,8 47,-9 47,-8 47,-4 47,-9 47,-1 47,-5 47,-3 47,-4 47,-10 40,4 47,-3 47,-10 47,-9 47,-1 47,-10 47,-10 47,-7 47,-7 47,-7 47,-2 47,-10 47,-2 47,-8 47,-3 47,-7 47,-8 47,-7 47,-9 47,-2 47,-6 47,-25 47,-12 47,-20 28,7 47,-10 47,-7 47,-25 47,-17 47,-22 47,-15 47,-8 47,-5 47,-2 47,-16 47,-13 47,-3 47,-6 47,-5 47,-4 47,-10 47,-10 47,-9 47,-6 47,-9 47,-13 47,-13 47,-14 47,-7 47,-18 47,-9 47,-14 47,-24 47,-13 47,-25 47,-12 47,-7 47,-10 47,-9 47,-10 47,-14 47,-12 47,-13 47,-12 26,5 47,-15 47,-15 47,-16 47,-13 47,-10 47,-20 47,-14 47,-10 47,-22 47,-19 47,-6 47,-6 47,-2 47,-10 47,-9 47,-10 47,-11 47,-7 47,-16 47,-14 47,-18 47,-10 47,-14 47,-12 47,-15 47,-10 29,-1 47,-13 47,-10 47,-20 47,-7 47,-16 47,-3 47,-17 47,-4 47,-5 47,-7 47,-9 47,-11 47,-5 47,-15 47,-13 
47,-10 38,5 47,-10 47,-1 47,-1 47,-2 47,-8 47,-5 47,-7 47,-8 47,-9 47,-8 47,-4 47,-9 47,-1 47,-5 47,-3 47,-4 47,-10 47,-3 47,-3 47,-10 47,-9 47,-1 47,-10 26,11 47,-7 47,-7 47,-7 47,-2 47,-10 47,-2 47,-8 47,-3 47,-7 47,-8 47,-7 47,-9 47,-2 37,4 47,-25 47,-12 47,-20 47,-12 47,-10 47,-7 47,-25 47,-17 47,-22 47,-15 47,-8 47,-5 47,-2 47,-16 47,-13 47,-3 47,-6 47,-5 47,-4 47,-10 47,-10 47,-9 47,-6 47,-9 47,-13 47,-13 47,-14 47,-7 47,-18 47,-9 47,-14 47,-24 47,-13 47,-25 47,-12 47,-7 47,-10 47,-9 47,-10 47,-14 47,-12 47,-13 17,18 47,-16 47,-15 47,-15 47,-16 26,8 47,-10 47,-20 47,-14 47,-10 47,-22 47,-19 47,-6 47,-6 47,-2 47,-10 47,-9 47,-10 47,-11 47,-7 47,-16 47,-14 47,-18 47,-10 47,-14 47,-12 47,-15 47,-10 47,-19 47,-13 47,-10 47,-20 47,-7 47,-16 47,-3 47,-17 47,-4 47,-5 47,-7 47,-9 47,-11 47,-5 47,-15 40,-6 
47,-10 47,-4 41,-4 47,-1 47,-1 47,-2 47,-8 47,-5 47,-7 47,-8 47,-9 47,-8 47,-4 47,-9 47,-1 47,-5 47,-3 47,-4 40,-3 47,-3 47,-3 47,-10 47,-9 47,-1 47,-10 47,-10 47,-7 47,-7 31,9 47,-2 47,-10 47,-2 47,-8 47,-3 47,-7 47,-8 47,-7 47,-9 47,-2 47,-6 47,-25 47,-12 47,-20 47,-12 47,-10 47,-7 47,-25 47,-17 47,-22 47,-15 47,-8 47,-5 47,-2 47,-16 47,-13 47,-3 47,-6 47,-5 47,-4 47,-10 47,-10 47,-9 47,-6 47,-9 47,-13 47,-13 47,-14 47,-7 47,-18 47,-9 28,5 47,-24 47,-13 47,-25 47,-12 47,-7 47,-10 47,-9 47,-10 47,-14 47,-12 47,-13 47,-12 47,-16 47,-15 26,6 47,-16 47,-13 47,-10 47,-20 47,-14 47,-10 47,-22 47,-19 47,-6 47,-6 47,-2 47,-10 47,-9 47,-10 47,-11 47,-7 47,-16 47,-14 47,-18 47,-10 47,-14 47,-12 35,-3 47,-10 47,-19 47,-13 47,-10 47,-20 47,-7 47,-16 47,-3 47,-17 47,-4 47,-5 47,-7 47,-9 47,-11 47,-5 47,-15 47,-13 
47,-10 47,-4 47,-10 38,8 47,-1 47,-2 47,-8 47,-5 47,-7 47,-8 47,-9 47,-8 47,-4 47,-9 47,-1 47,-5 47,-3 47,-4 47,-10 47,-3 47,-3 47,-10 47,-9 47,-1 26,11 47,-10 47,-7 47,-7 47,-7 47,-2 47,-10 47,-2 47,-8 47,-3 47,-7 47,-8 47,-7 47,-9 47,-2 47,-6 37,-15 47,-12 47,-20 47,-12 47,-10 47,-7 47,-25 47,-17 47,-22 47,-15 47,-8 47,-5 47,-2 47,-16 47,-13 47,-3 47,-6 47,-5 47,-4 47,-10 47,-10 47,-9 47,-6 47,-9 47,-13 47,-13 47,-14 47,-7 47,-18 47,-9 47,-14 47,-24 47,-13 47,-25 47,-12 47,-7 47,-10 47,-9 47,-10 47,-14 17,18 47,-13 47,-12 47,-16 47,-15 47,-15 47,-16 47,-13 26,11 47,-20 47,-14 47,-10 47,-22 47,-19 47,-6 47,-6 47,-2 47,-10 47,-9 47,-10 47,-11 47,-7 47,-16 47,-14 47,-18 47,-10 47,-14 47,-12 47,-15 47,-10 47,-19 47,-13 47,-10 47,-20 47,-7 47,-16 47,-3 47,-17 47,-4 47,-5 47,-7 47,-9 44,-8 47,-5 47,-15 47,-13 
47,-10 47,-4 47,-10 47,-1 38,8 47,-2 47,-8 47,-5 47,-7 47,-8 47,-9 47,-8 47,-4 47,-9 47,-1 47,-5 47,-3 47,-4 47,-10 47,-3 47,-3 26,11 47,-9 47,-1 47,-10 47,-10 47,-7 47,-7 47,-7 47,-2 47,-10 47,-2 47,-8 47,-3 47,-7 47,-8 47,-7 47,-9 47,-2 47,-6 47,-25 47,-12 47,-20 47,-12 47,-10 47,-7 47,-25 47,-17 47,-22 26,6 47,-8 47,-5 47,-2 47,-16 47,-13 47,-3 47,-6 47,-5 47,-4 47,-10 47,-10 47,-9 47,-6 47,-9 47,-13 47,-13 47,-14 47,-7 47,-18 47,-9 47,-14 47,-24 47,-13 47,-25 47,-12 47,-7 47,-10 47,-9 47,-10 17,16 47,-12 47,-13 47,-12 47,-16 47,-15 47,-15 47,-16 47,-13 47,-10 47,-20 47,-14 47,-10 47,-22 47,-19 47,-6 47,-6 47,-2 47,-10 47,-9 47,-10 47,-11 47,-7 47,-16 47,-14 47,-18 47,-10 47,-14 47,-12 47,-15 47,-10 47,-19 47,-13 47,-10 47,-20 37,3 47,-16 47,-3 47,-17 47,-4 47,-5 47,-7 40,-2 47,-11 47,-5 47,-15 47,-13 
47,-10 47,-4 47,-10 47,-1 47,-1 31,14 47,-8 47,-5 47,-7 47,-8 47,-9 47,-8 47,-4 47,-9 47,-1 47,-5 47,-3 47,-4 47,-10 47,-3 47,-3 47,-10 47,-9 47,-1 47,-10 47,-10 47,-7 47,-7 47,-7 47,-2 47,-10 47,-2 47,-8 47,-3 47,-7 47,-8 47,-7 47,-9 47,-2 47,-6 47,-25 47,-12 47,-20 47,-12 47,-10 47,-7 47,-25 47,-17 47,-22 47,-15 47,-8 47,-5 47,-2 47,-16 47,-13 47,-3 47,-6 47,-5 47,-4 47,-10 47,-10 47,-9 47,-6 47,-9 41,-7 47,-13 47,-14 47,-7 47,-18 47,-9 47,-14 47,-24 47,-13 47,-25 47,-12 47,-7 47,-10 47,-9 47,-10 47,-14 47,-12 26,8 47,-12 47,-16 47,-15 47,-15 47,-16 47,-13 47,-10 47,-20 47,-14 28,9 47,-22 47,-19 47,-6 47,-6 47,-2 47,-10 47,-9 47,-10 47,-11 47,-7 25,6 47,-14 47,-18 47,-10 47,-14 47,-12 47,-15 47,-10 47,-19 47,-13 47,-10 47,-20 47,-7 47,-16 47,-3 47,-17 47,-4 47,-5 47,-7 47,-9 47,-11 47,-5 34,-2 47,-13 
47,-10 47,-4 47,-10 47,-1 47,-1 47,-2 31,8 47,-5 47,-7 47,-8 47,-9 47,-8 47,-4 47,-9 47,-1 47,-5 47,-3 47,-4 47,-10 47,-3 47,-3 47,-10 47,-9 47,-1 47,-10 47,-10 47,-7 47,-7 47,-7 47,-2 47,-10 47,-2 47,-8 47,-3 47,-7 47,-8 47,-7 47,-9 47,-2 47,-6 47,-25 47,-12 47,-20 47,-12 40,-3 47,-7 47,-25 47,-17 47,-22 47,-15 47,-8 47,-5 47,-2 47,-16 47,-13 47,-3 47,-6 47,-5 47,-4 47,-10 47,-10 47,-9 47,-6 47,-9 47,-13 47,-13 47,-14 47,-7 47,-18 47,-9 47,-14 47,-24 47,-13 47,-25 47,-12 47,-7 47,-10 47,-9 47,-10 47,-14 47,-12 47,-13 47,-12 47,-16 47,-15 47,-15 26,5 47,-13 47,-10 47,-20 47,-14 47,-10 47,-22 47,-19 47,-6 35,6 47,-2 47,-10 47,-9 47,-10 47,-11 47,-7 47,-16 47,-14 47,-18 47,-10 36,-3 47,-12 47,-15 47,-10 47,-19 47,-13 47,-10 47,-20 47,-7 28,3 47,-3 47,-17 47,-4 47,-5 47,-7 47,-9 47,-11 47,-5 47,-15 47,-13 
47,-10 47,-4 47,-10 47,-1 47,-1 47,-2 47,-8 26,16 47,-7 47,-8 47,-9 47,-8 47,-4 47,-9 47,-1 47,-5 47,-3 47,-4 47,-10 47,-3 47,-3 47,-10 47,-9 47,-1 47,-10 47,-10 47,-7 47,-7 47,-7 47,-2 47,-10 38,7 47,-8 47,-3 47,-7 47,-8 47,-7 47,-9 47,-2 47,-6 47,-25 37,-2 47,-20 47,-12 47,-10 47,-7 47,-25 47,-17 47,-22 47,-15 47,-8 47,-5 47,-2 47,-16 24,10 47,-3 47,-6 47,-5 47,-4 47,-10 47,-10 47,-9 47,-6 35,3 47,-13 47,-13 47,-14 47,-7 47,-18 47,-9 47,-14 47,-24 28,6 47,-25 47,-12 47,-7 47,-10 47,-9 47,-10 47,-14 47,-12 47,-13 47,-12 47,-16 47,-15 47,-15 47,-16 47,-13 47,-10 47,-20 47,-14 47,-10 47,-22 47,-19 47,-6 47,-6 47,-2 47,-10 47,-9 47,-10 47,-11 47,-7 47,-16 47,-14 47,-18 47,-10 47,-14 47,-12 47,-15 47,-10 47,-19 47,-13 47,-10 47,-20 47,-7 47,-16 47,-3 47,-17 47,-4 47,-5 47,-7 47,-9 47,-11 47,-5 47,-15 47,-13 
47,-10 47,-4 47,-10 47,-1 47,-1 47,-2 47,-8 47,-5 22,18 47,-8 47,-9 47,-8 47,-4 47,-9 47,-1 47,-5 47,-3 47,-4 47,-10 47,-3 47,-3 47,-10 47,-9 47,-1 47,-10 47,-10 47,-7 47,-7 47,-7 47,-2 34,3 47,-2 47,-8 47,-3 47,-7 47,-8 47,-7 47,-9 37,8 47,-6 47,-25 47,-12 24,3 47,-12 47,-10 47,-7 47,-25 47,-17 47,-22 47,-15 47,-8 47,-5 20,25 47,-16 47,-13 47,-3 47,-6 47,-5 47,-4 47,-10 47,-10 47,-9 47,-6 47,-9 47,-13 47,-13 47,-14 47,-7 47,-18 47,-9 47,-14 47,-24 47,-13 47,-25 47,-12 47,-7 47,-10 47,-9 47,-10 47,-14 47,-12 47,-13 47,-12 47,-16 47,-15 47,-15 47,-16 47,-13 47,-10 47,-20 47,-14 47,-10 47,-22 47,-19 47,-6 47,-6 47,-2 47,-10 47,-9 47,-10 35,1 47,-7 47,-16 47,-14 47,-18 47,-10 47,-14 47,-12 47,-15 47,-10 47,-19 47,-13 47,-10 47,-20 47,-7 47,-16 47,-3 47,-17 47,-4 47,-5 47,-7 47,-9 47,-11 47,-5 47,-15 47,-13 
47,-10 47,-4 47,-10 47,-1 47,-1 47,-2 47,-8 47,-5 47,-7 47,-8 31,7 47,-8 47,-4 47,-9 47,-1 47,-5 47,-3 47,-4 47,-10 47,-3 47,-3 47,-10 47,-9 47,-1 47,-10 47,-10 47,-7 47,-7 47,-7 47,-2 47,-10 47,-2 47,-8 47,-3 47,-7 47,-8 47,-7 47,-9 47,-2 47,-6 47,-25 47,-12 47,-20 47,-12 47,-10 47,-7 47,-25 47,-17 47,-22 47,-15 47,-8 47,-5 47,-2 47,-16 47,-13 47,-3 47,-6 47,-5 47,-4 47,-10 47,-10 47,-9 47,-6 47,-9 47,-13 41,-7 47,-14 47,-7 47,-18 47,-9 47,-14 47,-24 47,-13 47,-25 28,7 47,-7 47,-10 47,-9 47,-10 47,-14 47,-12 47,-13 47,-12 47,-16 26,6 47,-15 47,-16 47,-13 47,-10 47,-20 47,-14 47,-10 47,-22 47,-19 47,-6 47,-6 47,-2 47,-10 47,-9 47,-10 47,-11 47,-7 47,-16 47,-14 47,-18 47,-10 47,-14 22,13 47,-15 47,-10 47,-19 47,-13 47,-10 47,-20 47,-7 47,-16 47,-3 47,-17 47,-4 47,-5 34,6 47,-9 47,-11 47,-5 47,-15 47,-13 
47,-10 47,-4 47,-10 47,-1 47,-1 47,-2 47,-8 47,-5 47,-7 47,-8 47,-9 20,19 47,-4 47,-9 47,-1 47,-5 47,-3 47,-4 47,-10 47,-3 47,-3 47,-10 47,-9 28,18 47,-10 47,-10 47,-7 47,-7 47,-7 34,11 47,-10 47,-2 47,-8 47,-3 47,-7 47,-8 47,-7 47,-9 47,-2 47,-6 47,-25 47,-12 47,-20 47,-12 47,-10 47,-7 47,-25 47,-17 47,-22 47,-15 32,7 47,-5 47,-2 47,-16 47,-13 47,-3 47,-6 47,-5 47,-4 47,-10 47,-10 47,-9 35,6 47,-9 47,-13 47,-13 47,-14 47,-7 47,-18 47,-9 47,-14 47,-24 47,-13 47,-25 47,-12 47,-7 47,-10 47,-9 47,-10 47,-14 47,-12 47,-13 47,-12 47,-16 47,-15 47,-15 47,-16 47,-13 47,-10 47,-20 47,-14 47,-10 47,-22 47,-19 47,-6 47,-6 47,-2 47,-10 47,-9 47,-10 47,-11 47,-7 47,-16 37,-4 47,-18 47,-10 47,-14 47,-12 47,-15 47,-10 47,-19 47,-13 47,-10 47,-20 47,-7 47,-16 47,-3 47,-17 47,-4 47,-5 47,-7 47,-9 47,-11 47,-5 47,-15 47,-13 
47,-10 47,-4 47,-10 47,-1 47,-1 47,-2 47,-8 47,-5 47,-7 47,-8 47,-9 47,-8 22,21 47,-9 47,-1 47,-5 47,-3 47,-4 47,-10 47,-3 47,-3 47,-10 47,-9 47,-1 47,-10 47,-10 47,-7 47,-7 47,-7 47,-2 47,-10 47,-2 47,-8 47,-3 47,-7 47,-8 47,-7 38,0 47,-2 47,-6 47,-25 47,-12 47,-20 47,-12 47,-10 47,-7 37,-15 47,-17 47,-22 47,-15 47,-8 47,-5 47,-2 47,-16 47,-13 47,-3 24,17 47,-5 47,-4 47,-10 47,-10 47,-9 47,-6 47,-9 47,-13 47,-13 47,-14 47,-7 47,-18 47,-9 47,-14 47,-24 47,-13 24,-2 47,-12 47,-7 47,-10 47,-9 47,-10 47,-14 47,-12 47,-13 47,-12 47,-16 47,-15 47,-15 47,-16 47,-13 47,-10 47,-20 47,-14 47,-10 47,-22 47,-19 47,-6 47,-6 47,-2 47,-10 35,3 47,-10 47,-11 47,-7 47,-16 47,-14 47,-18 47,-10 47,-14 47,-12 47,-15 47,-10 47,-19 47,-13 47,-10 47,-20 47,-7 47,-16 47,-3 47,-17 47,-4 47,-5 47,-7 47,-9 47,-11 47,-5 47,-15 47,-13 
47,-10 47,-14 47,-20 47,-11 47,-11 47,-12 47,-18 47,-15 47,-17 47,-18 47,-19 47,-18 47,-14 16,12 47,-11 47,-15 47,-13 47,-14 47,-20 47,-13 47,-13 47,-20 47,-19 47,-11 47,-20 47,-20 47,-17 47,-17 47,-17 47,-12 47,-20 47,-12 47,-18 47,-13 38,-8 47,-18 47,-17 47,-19 47,-12 47,-16 47,-25 47,-12 47,-20 47,-22 47,-20 47,-17 47,-35 47,-27 47,-32 47,-25 47,-18 23,9 47,-12 47,-26 47,-23 47,-13 47,-16 47,-15 47,-14 47,-20 37,-10 47,-19 47,-16 47,-19 47,-23 47,-23 47,-24 47,-17 47,-28 47,-19 47,-24 47,-34 47,-23 47,-35 47,-22 47,-17 47,-20 47,-19 47,-20 47,-24 47,-22 47,-23 47,-22 47,-26 47,-25 47,-25 47,-26 47,-23 47,-20 47,-30 24,-1 47,-20 47,-32 47,-29 47,-16 47,-16 47,-12 47,-20 47,-19 47,-20 47,-21 35,-5 47,-26 47,-24 47,-28 47,-20 47,-24 47,-22 47,-25 47,-20 47,-29 47,-23 47,-20 47,-20 47,-17 47,-26 47,-13 47,-27 47,-14 47,-15 47,-17 47,-19 47,-21 47,-15 47,-25 47,-23 
47,-14 47,-4 47,-14 47,-5 47,-5 47,-6 47,-12 47,-9 47,-11 47,-12 47,-13 47,-12 47,-8 47,-13 26,16 47,-9 47,-7 47,-8 47,-14 47,-7 47,-7 47,-14 47,-13 47,-5 47,-14 47,-14 26,10 47,-11 47,-11 47,-6 47,-14 47,-6 47,-12 47,-7 47,-11 47,-12 47,-11 47,-13 47,-6 47,-10 47,-29 47,-16 47,-24 47,-12 47,-10 47,-7 47,-29 47,-21 47,-26 47,-19 47,-12 47,-9 47,-6 47,-20 47,-17 47,-7 47,-10 47,-9 47,-8 47,-14 47,-14 40,-6 47,-10 47,-13 47,-17 47,-17 47,-18 47,-11 47,-22 47,-13 47,-18 47,-28 47,-17 47,-29 47,-16 17,19 47,-14 47,-13 47,-14 47,-18 47,-16 47,-17 47,-16 47,-20 47,-19 47,-19 47,-20 47,-17 47,-14 47,-24 47,-18 47,-14 47,-26 47,-23 47,-10 47,-10 38,3 47,-14 47,-13 47,-14 47,-15 47,-11 47,-20 47,-18 47,-22 47,-14 47,-18 47,-16 47,-19 47,-14 47,-23 47,-17 44,-11 47,-24 47,-7 47,-20 47,-7 47,-21 47,-8 47,-9 47,-11 47,-13 47,-15 47,-9 47,-19 47,-17 
47,-20 47,-14 47,-10 47,-11 47,-11 47,-12 47,-18 47,-15 47,-17 47,-18 47,-19 47,-18 47,-14 47,-19 47,-11 22,10 47,-13 47,-14 47,-20 47,-13 47,-13 47,-20 47,-19 47,-11 47,-20 47,-20 47,-17 47,-17 47,-17 47,-12 47,-20 47,-12 47,-18 47,-13 47,-17 34,-5 47,-17 47,-19 47,-12 47,-16 47,-35 47,-22 47,-30 47,-22 47,-20 47,-17 47,-25 47,-17 47,-22 47,-15 47,-18 47,-15 47,-12 20,1 47,-23 47,-13 47,-16 47,-15 47,-14 47,-20 47,-20 47,-19 47,-16 47,-19 47,-23 47,-23 47,-24 47,-17 16,3 47,-19 47,-24 47,-24 47,-23 47,-35 47,-22 47,-17 47,-20 47,-19 47,-20 47,-24 47,-22 47,-23 47,-22 47,-26 47,-25 47,-25 47,-26 47,-23 47,-20 47,-30 47,-24 47,-20 47,-32 47,-29 47,-16 47,-16 47,-12 35,-8 47,-19 47,-20 47,-21 47,-17 47,-26 47,-24 47,-28 47,-20 47,-24 47,-22 47,-25 47,-20 47,-29 47,-23 47,-20 37,-20 47,-17 47,-26 47,-13 47,-27 47,-14 47,-15 47,-17 47,-19 47,-21 47,-15 47,-25 47,-23 
47,-10 47,-4 47,-10 47,-1 47,-1 47,-2 47,-8 47,-5 47,-7 47,-8 47,-9 47,-8 47,-4 47,-9 47,-1 47,-5 28,16 47,-4 47,-10 47,-3 47,-3 47,-10 47,-9 47,-1 47,-10 47,-10 47,-7 47,-7 47,-7 47,-2 47,-10 47,-2 47,-8 47,-3 47,-7 47,-8 47,-7 47,-9 47,-2 47,-6 47,-25 47,-12 47,-20 47,-12 47,-10 47,-7 47,-25 47,-17 31,-6 47,-15 47,-8 47,-5 47,-2 47,-16 47,-13 47,-3 47,-6 47,-5 47,-4 47,-10 47,-10 47,-9 47,-6 47,-9 47,-13 47,-13 47,-14 47,-7 47,-18 47,-9 47,-14 47,-24 47,-13 47,-25 47,-12 47,-7 47,-10 47,-9 18,19 47,-14 47,-12 47,-13 47,-12 47,-16 47,-15 47,-15 47,-16 47,-13 47,-10 47,-20 47,-14 47,-10 47,-22 41,-13 47,-6 47,-6 47,-2 47,-10 47,-9 47,-10 47,-11 47,-7 47,-16 47,-14 37,-8 47,-10 47,-14 47,-12 47,-15 47,-10 47,-19 47,-13 47,-10 47,-20 47,-7 47,-16 47,-3 47,-17 47,-4 40,2 47,-7 47,-9 47,-11 47,-5 47,-15 47,-13 
47,-11 47,-5 47,-11 47,-1 47,-2 47,-3 47,-9 47,-6 47,-8 47,-9 47,-10 47,-9 47,-5 47,-10 47,-2 47,-6 47,-4 26,16 47,-11 47,-4 47,-4 47,-11 47,-10 47,-2 47,-11 47,-11 47,-8 26,13 47,-8 47,-3 47,-11 47,-3 47,-9 47,-4 47,-8 47,-9 47,-8 47,-10 47,-3 47,-7 47,-26 47,-13 47,-21 47,-13 47,-11 37,2 47,-26 47,-18 47,-23 47,-16 47,-9 47,-6 47,-3 47,-17 47,-14 47,-3 47,-6 47,-5 47,-4 47,-10 47,-10 47,-9 47,-6 47,-10 47,-14 47,-14 47,-15 47,-8 47,-19 47,-10 47,-15 47,-25 47,-14 47,-26 47,-13 47,-8 17,19 47,-10 47,-11 47,-15 47,-13 47,-14 47,-13 47,-17 47,-16 47,-16 47,-17 47,-14 47,-11 47,-21 47,-15 47,-11 47,-23 47,-20 38,2 47,-7 47,-3 47,-11 47,-10 47,-11 47,-12 47,-8 47,-17 47,-15 47,-19 47,-11 47,-15 47,-13 47,-16 47,-11 47,-20 47,-14 47,-11 47,-21 47,-8 47,-17 47,-4 47,-18 47,-5 47,-6 47,-8 47,-10 47,-11 44,-3 47,-16 47,-14 
47,-11 47,-5 47,-11 47,-2 47,-1 47,-3 47,-9 47,-6 47,-8 47,-9 47,-10 47,-9 47,-5 47,-10 47,-2 47,-6 47,-4 47,-5 47,-11 47,-4 22,21 47,-11 47,-10 47,-2 47,-11 47,-11 47,-8 47,-8 47,-8 47,-3 47,-11 47,-3 34,4 47,-4 47,-8 47,-9 47,-8 47,-10 47,-3 47,-7 47,-26 47,-13 47,-21 47,-13 47,-11 47,-8 47,-26 47,-18 47,-23 47,-16 47,-9 47,-6 47,-3 47,-17 47,-14 47,-4 47,-7 47,-6 20,22 47,-11 47,-11 47,-10 47,-7 47,-9 47,-13 47,-13 16,17 47,-7 47,-18 47,-10 47,-15 47,-25 47,-14 47,-26 47,-13 47,-8 47,-11 47,-10 47,-11 47,-15 47,-13 47,-14 47,-13 47,-17 47,-16 47,-16 47,-17 47,-14 47,-11 47,-21 47,-15 47,-11 47,-23 47,-20 47,-7 47,-7 47,-3 47,-11 47,-10 47,-11 47,-12 47,-8 47,-17 47,-15 47,-19 47,-11 47,-15 47,-13 47,-16 47,-11 47,-20 37,-4 47,-11 47,-21 47,-8 47,-17 47,-4 35,-6 47,-5 47,-6 47,-8 47,-10 47,-12 47,-6 47,-16 47,-14 
47,-12 47,-6 47,-12 47,-3 47,-3 47,-2 47,-10 47,-7 47,-9 47,-10 47,-11 47,-10 47,-6 47,-11 47,-3 47,-7 47,-5 47,-6 47,-12 47,-5 47,-5 47,-12 24,12 47,-3 47,-12 47,-12 47,-9 47,-9 47,-9 47,-4 47,-12 47,-4 47,-10 34,8 47,-9 47,-10 47,-9 47,-11 47,-4 47,-8 47,-27 47,-14 47,-22 47,-14 47,-12 47,-9 47,-27 47,-19 47,-24 47,-17 47,-10 47,-7 47,-4 47,-18 47,-15 47,-5 47,-8 33,7 47,-6 47,-12 47,-12 47,-11 47,-8 47,-11 47,-15 47,-15 47,-16 16,22 47,-20 47,-9 47,-16 47,-26 47,-13 47,-27 47,-14 47,-9 47,-12 47,-11 47,-12 47,-16 47,-14 47,-15 47,-14 47,-18 47,-17 47,-17 47,-18 47,-15 47,-12 47,-22 47,-16 47,-12 47,-24 47,-21 47,-8 47,-8 47,-4 47,-12 47,-11 47,-12 47,-13 47,-9 47,-18 47,-16 47,-20 37,-2 47,-16 47,-14 47,-17 47,-12 47,-21 47,-15 47,-12 47,-22 47,-9 47,-18 35,7 47,-19 47,-6 47,-7 47,-9 47,-11 47,-13 47,-5 47,-17 47,-15 
47,-18 47,-12 47,-18 47,-9 47,-9 47,-10 47,-8 47,-13 47,-15 47,-16 47,-17 47,-16 47,-12 47,-17 47,-9 47,-13 47,-11 47,-12 47,-18 47,-11 47,-11 47,-18 47,-17 47,-9 47,-18 47,-18 47,-15 47,-15 47,-15 47,-10 47,-18 47,-10 47,-16 47,-11 47,-15 47,-16 38,-6 47,-17 47,-10 47,-14 47,-33 47,-20 47,-28 47,-20 47,-18 47,-15 47,-33 47,-25 47,-30 47,-23 47,-16 47,-13 47,-10 47,-24 47,-21 24,12 47,-14 47,-13 47,-12 37,-8 47,-18 47,-17 47,-14 47,-17 47,-21 47,-21 47,-22 47,-15 47,-26 16,14 47,-14 47,-32 47,-21 47,-33 47,-20 47,-15 47,-18 47,-17 47,-18 47,-22 47,-20 47,-21 47,-20 47,-24 47,-23 47,-23 47,-24 47,-21 47,-18 22,-3 47,-22 47,-18 47,-30 47,-27 47,-14 47,-14 47,-10 47,-18 47,-17 35,-6 47,-19 47,-15 47,-24 47,-22 47,-26 47,-18 47,-22 47,-20 47,-23 47,-18 47,-27 47,-21 47,-18 47,-28 47,-15 47,-24 47,-11 47,-25 47,-12 47,-13 47,-15 47,-17 47,-19 47,-13 47,-15 47,-21 
47,-15 47,-9 47,-15 47,-6 47,-6 47,-7 47,-13 47,-5 47,-12 47,-13 47,-14 47,-13 47,-9 47,-14 47,-6 47,-10 47,-8 47,-9 47,-15 47,-8 47,-8 47,-15 47,-14 47,-6 47,-15 47,-15 47,-12 47,-12 47,-12 47,-7 47,-15 47,-7 47,-13 47,-8 47,-12 47,-13 47,-12 47,-14 47,-7 47,-11 47,-30 47,-17 47,-25 47,-17 47,-15 47,-12 47,-30 31,-6 47,-27 47,-20 47,-13 47,-10 47,-7 47,-21 47,-18 47,-8 47,-11 47,-10 47,-9 47,-15 47,-15 47,-14 47,-11 47,-14 47,-18 47,-18 47,-19 47,-12 47,-23 47,-14 47,-19 28,-5 47,-13 47,-30 47,-17 47,-12 47,-15 26,7 47,-15 47,-19 47,-17 47,-18 47,-17 47,-21 47,-20 47,-20 47,-21 47,-18 47,-15 47,-25 47,-19 47,-15 41,-21 47,-24 47,-11 47,-11 47,-7 47,-15 47,-14 47,-15 47,-16 47,-12 47,-21 47,-19 47,-23 47,-15 47,-19 47,-17 47,-20 35,-3 47,-24 47,-18 47,-15 47,-25 47,-12 47,-21 47,-8 47,-22 40,-2 47,-10 47,-12 47,-14 47,-16 47,-10 47,-20 47,-13 
