9
1
1
36
5|6|7|9|10|11|12|17|18|19|20|21|22|23|25|31|32|33|34|35|39|40|41|62|63|64|65|66|67|68|69|73|86|87|88|91
20,-9 21,-8 21,-3 21,-8 21,-7 21,-7 21,-2 16,1 21,-2 21,-13 21,-3 21,-9 21,-3 21,-3 21,-14 21,-6 21,-2 21,-10 21,-8 21,-11 21,-10 21,-8 21,-5 21,-17 21,-15 21,-14 21,-26 21,-17 21,-19 21,-18 13,-11 21,-7 21,-17 21,-13 14,-2 21,-17 
21,-10 20,-7 21,-3 21,-8 21,-7 21,-7 21,-2 21,-4 21,-2 21,-13 21,-3 21,-9 9,9 21,-3 21,-14 21,-6 21,-2 21,-10 14,-1 21,-11 21,-10 21,-8 21,-5 21,-17 21,-15 21,-14 13,-18 21,-17 21,-19 21,-18 21,-19 21,-7 21,-17 21,-13 21,-9 21,-17 
21,-10 21,-8 20,-2 21,-8 21,-7 21,-7 21,-2 21,-4 21,-2 16,-8 21,-3 21,-9 21,-3 21,-3 21,-14 21,-6 14,5 21,-10 21,-8 21,-11 21,-10 21,-8 21,-5 21,-17 21,-15 13,-6 21,-26 21,-17 21,-19 21,-18 21,-19 21,-7 21,-17 21,-13 21,-9 21,-17 
21,-10 21,-8 21,-3 20,-7 21,-7 21,-7 21,-2 21,-4 21,-2 21,-13 21,-3 21,-9 21,-3 21,-3 21,-14 21,-6 21,-2 21,-10 21,-8 14,-4 21,-10 21,-8 21,-5 13,-9 21,-15 21,-14 21,-26 21,-17 21,-19 21,-18 21,-19 21,-7 21,-17 9,-1 21,-9 21,-17 
21,-10 21,-18 21,-13 21,-18 20,-16 21,-17 21,-12 21,-14 21,-12 21,-23 21,-13 21,-19 21,-13 21,-13 16,-9 21,-16 21,-12 21,-20 21,-18 21,-11 21,-20 14,-11 21,-15 21,-27 21,-25 21,-24 21,-26 21,-27 21,-29 13,-20 21,-29 21,-17 21,-27 21,-23 21,-19 21,-27 
21,-18 21,-8 21,-11 21,-16 21,-15 20,-14 21,-10 21,-12 21,-10 21,-21 21,-11 21,-17 21,-11 16,-6 21,-22 21,-14 21,-10 21,-18 21,-16 21,-19 14,-11 21,-16 21,-13 21,-17 21,-15 21,-14 21,-26 21,-17 21,-19 21,-18 21,-19 21,-15 21,-17 21,-21 21,-17 13,-17 
21,-13 21,-11 21,-3 21,-11 21,-10 21,-10 20,-4 21,-4 21,-5 21,-16 16,-1 21,-12 21,-6 21,-6 21,-17 21,-9 21,-5 21,-13 21,-11 21,-14 21,-13 21,-11 14,-1 21,-20 21,-18 21,-17 21,-29 21,-20 13,-11 21,-21 21,-22 21,-7 21,-20 21,-13 21,-12 21,-20 
21,-10 21,-8 21,-3 21,-8 21,-7 21,-7 21,-2 21,-4 16,3 21,-13 21,-3 21,-9 21,-3 21,-3 21,-14 21,-6 21,-2 14,-3 21,-8 21,-11 21,-10 21,-8 21,-5 21,-17 21,-15 21,-14 21,-26 13,-9 21,-19 21,-18 21,-19 20,-6 21,-17 21,-13 21,-9 21,-17 
21,-18 21,-16 21,-11 21,-8 21,-15 21,-15 21,-10 21,-12 21,-10 21,-13 21,-11 16,-12 21,-11 21,-11 21,-22 14,-7 21,-10 21,-18 21,-16 21,-19 21,-10 21,-16 21,-13 21,-25 13,-15 21,-22 21,-34 21,-25 21,-27 21,-26 21,-19 21,-15 20,-24 21,-21 21,-17 21,-17 
