6
1
1
60
130|131|132|133|134|135|16|17|18|21|22|23|36|37|38|39|168|169|170|167|166|165|48|49|50|51|52|53|54|55|56|57|58|59|60|61|62|63|70|71|81|82|83|84|85|86|92|93|94|95|96|97|98|99|109|110|111|112|113|114
73,-1 73,-2 73,-8 73,-5 73,-7 44,23 73,-7 73,-7 73,-8 73,-9 73,-3 65,0 73,-7 73,-3 73,-4 73,-10 73,-16 73,-16 53,-6 73,-17 73,-15 73,-14 73,-1 73,-2 73,-2 73,-9 73,-5 73,-3 73,-10 73,-4 73,-10 51,19 73,-4 73,-9 73,-10 73,-3 73,-2 45,27 73,-9 54,13 73,-6 73,-9 73,-8 73,-5 73,-1 72,-7 73,-10 73,-1 73,-2 73,-4 73,-2 68,0 73,-7 66,4 73,-5 73,-7 73,-2 73,-3 73,-5 65,2 
73,-1 73,-2 73,-8 73,-5 44,22 73,-6 73,-7 73,-7 73,-8 73,-9 65,5 73,-8 73,-7 73,-3 73,-4 73,-10 73,-16 53,4 73,-26 73,-17 73,-15 73,-14 73,-1 73,-2 73,-2 73,-9 73,-5 73,-3 73,-10 73,-4 51,12 73,-3 73,-4 73,-9 73,-10 73,-3 45,26 73,-1 54,10 73,-6 73,-6 73,-9 73,-8 73,-5 72,0 73,-8 73,-10 73,-1 73,-2 73,-4 68,3 73,-5 66,0 73,-3 73,-5 73,-7 73,-2 73,-3 65,3 73,-6 
73,-1 73,-2 73,-8 61,7 73,-7 73,-6 73,-7 73,-7 73,-8 65,-1 73,-3 73,-8 73,-7 73,-3 73,-4 54,9 54,3 73,-16 73,-26 73,-17 73,-15 73,-14 73,-1 73,-2 73,-2 73,-9 63,5 73,-3 73,-10 70,-1 73,-10 73,-3 73,-4 73,-9 73,-10 61,9 73,-2 73,-1 73,-9 73,-6 73,-6 73,-9 73,-8 72,-4 73,-1 73,-8 73,-10 73,-1 73,-2 68,1 73,-2 73,-5 73,-7 73,-3 73,-5 73,-7 73,-2 65,5 73,-5 73,-6 
73,-1 73,-2 61,4 73,-5 73,-7 73,-6 73,-7 73,-7 65,0 73,-9 73,-3 73,-8 73,-7 73,-3 54,15 73,-10 73,-16 73,-16 73,-26 54,2 73,-15 73,-14 73,-1 73,-2 73,-2 63,1 73,-5 73,-3 70,-7 73,-4 73,-10 73,-3 73,-4 73,-9 61,2 73,-3 73,-2 73,-1 73,-9 73,-6 73,-6 73,-9 72,-7 73,-5 73,-1 73,-8 73,-10 73,-1 68,3 73,-4 73,-2 73,-5 73,-7 73,-3 73,-5 73,-7 65,6 73,-3 73,-5 73,-6 
73,-1 61,10 73,-8 73,-5 73,-7 73,-6 73,-7 65,1 73,-8 73,-9 73,-3 73,-8 73,-7 54,16 73,-4 73,-10 73,-16 73,-16 73,-26 73,-17 54,4 73,-14 73,-1 73,-2 63,8 73,-9 73,-5 70,0 73,-10 73,-4 73,-10 73,-3 73,-4 61,3 73,-10 73,-3 73,-2 73,-1 73,-9 73,-6 73,-6 72,-8 73,-8 73,-5 73,-1 73,-8 73,-10 68,4 73,-2 73,-4 73,-2 73,-5 73,-7 73,-3 73,-5 65,1 73,-2 73,-3 73,-5 73,-6 
51,21 73,-2 73,-8 73,-5 73,-7 73,-6 65,1 73,-7 73,-8 73,-9 73,-3 73,-8 66,0 73,-3 73,-4 73,-10 73,-16 73,-16 73,-26 73,-17 73,-15 54,5 58,14 58,13 73,-2 73,-9 73,-5 73,-3 73,-10 73,-4 73,-10 73,-3 61,8 73,-9 73,-10 73,-3 73,-2 73,-1 73,-9 73,-6 72,-5 73,-9 73,-8 73,-5 73,-1 73,-8 68,-5 73,-1 73,-2 73,-4 73,-2 73,-5 73,-7 73,-3 65,3 73,-7 73,-2 73,-3 73,-5 73,-6 
