6
1
1
60
130|131|132|133|134|135|138|140|142|144|18|21|23|158|32|37|38|167|39|169|170|43|40|45|166|41|44|49|50|52|57|59|61|165|64|65|67|68|70|78|79|168|82|83|84|86|87|88|89|93|94|96|102|105|106|107|109|112|114|115
70,-6 47,16 70,-13 70,-2 70,-6 70,-5 70,-4 70,-8 70,-9 70,-12 60,7 70,-2 70,-5 70,-7 65,-3 70,-8 70,-3 64,-3 70,-8 70,-4 70,-12 70,-7 70,-4 60,7 70,-7 70,-9 70,-8 70,-2 70,-9 43,26 70,-1 70,-9 70,-9 70,-19 44,25 70,-9 70,-8 70,-8 70,-4 70,-3 70,-8 70,-10 69,-9 70,-3 70,-5 70,-3 64,-2 70,-4 70,-1 70,-9 70,-1 70,-5 70,-4 70,-8 70,-6 70,-9 70,-2 63,0 70,-1 70,-9 
70,-6 70,-7 70,-13 70,-2 70,-6 52,13 70,-4 70,-8 70,-9 60,-2 70,-3 68,0 70,-5 70,-7 70,-8 48,14 70,-3 70,-9 70,-8 55,11 70,-12 70,-7 70,-4 70,-3 70,-7 70,-9 70,-8 70,-2 70,-9 70,-1 55,14 51,10 70,-9 70,-19 70,-1 70,-9 70,-8 70,-8 70,-4 70,-3 70,-8 70,-10 70,-10 70,-3 70,-5 69,-2 70,-8 64,2 70,-1 70,-9 70,-1 70,-5 70,-4 70,-8 70,-6 63,-2 70,-2 70,-7 70,-1 70,-9 
70,-6 70,-7 70,-13 70,-2 52,12 70,-5 70,-4 70,-8 70,-9 70,-12 70,-3 70,-2 60,5 70,-7 70,-8 70,-8 55,12 70,-9 70,-8 70,-4 55,3 47,16 70,-4 70,-3 70,-7 70,-9 70,-8 70,-2 70,-9 70,-1 70,-1 70,-9 63,-2 70,-19 70,-1 70,-9 70,-8 61,1 70,-4 69,-2 70,-8 70,-10 70,-10 70,-3 70,-5 70,-3 70,-8 70,-4 70,-1 64,-3 70,-1 70,-5 70,-4 70,-8 70,-6 70,-9 63,5 70,-7 70,-1 70,-9 
70,-6 70,-7 70,-13 58,10 70,-6 70,-5 70,-4 70,-8 60,1 70,-12 70,-3 70,-2 70,-5 70,-7 70,-8 70,-8 70,-3 70,-9 50,12 70,-4 70,-12 70,-7 37,29 70,-3 64,-1 70,-9 70,-8 70,-2 70,-9 70,-1 70,-1 70,-9 70,-9 70,-19 70,-1 55,6 70,-8 70,-8 70,-4 70,-3 69,-7 70,-10 70,-10 70,-3 70,-5 70,-3 70,-8 70,-4 70,-1 70,-9 70,-1 64,1 70,-4 70,-8 70,-6 70,-9 70,-2 70,-7 63,6 58,3 
70,-6 70,-7 47,10 70,-2 70,-6 70,-5 70,-4 60,2 70,-9 70,-12 70,-3 70,-2 70,-5 65,-2 70,-8 70,-8 70,-3 70,-9 70,-8 70,-4 70,-12 70,-7 70,-4 70,-3 70,-7 60,1 70,-8 43,25 70,-9 70,-1 70,-1 70,-9 70,-9 64,-13 70,-1 70,-9 70,-8 70,-8 44,22 70,-3 70,-8 70,-10 70,-10 70,-3 69,-4 70,-3 70,-8 70,-4 64,5 70,-9 70,-1 70,-5 70,-4 63,-1 70,-6 70,-9 70,-2 70,-7 70,-1 70,-9 
47,17 70,-7 70,-13 70,-2 70,-6 70,-5 60,6 70,-8 70,-9 70,-12 70,-3 70,-2 70,-5 70,-7 70,-8 70,-8 70,-3 70,-9 70,-8 70,-4 70,-12 70,-7 70,-4 70,-3 70,-7 70,-9 60,2 70,-2 43,18 70,-1 70,-1 70,-9 70,-9 70,-19 70,-1 70,-9 44,18 70,-8 70,-4 70,-3 70,-8 64,-4 70,-10 69,-2 70,-5 70,-3 70,-8 70,-4 70,-1 70,-9 64,5 70,-5 65,1 70,-8 63,1 70,-9 70,-2 70,-7 70,-1 70,-9 
