16
1
1
96
18|19|20|21|22|23|24|25|26|27|28|29|30|57|67|85|87|98|99|100|101|102|103|104|105|106|112|130|131|133|134|135|140|141|143|147|148|149|150|161|162|163|166|171|172|173|174|175|176|177|178|179|180|182|183|204|209|236|237|238|239|240|241|242|243|244|245|246|247|251|264|265|266|274|278|279|301|302|303|304|305|306|307|322|326|378|379|380|381|382|383|406|409|417|418|420
47,-6 47,-7 47,-5 47,-2 47,-6 47,-7 21,23 47,-2 47,-5 47,-1 47,-3 47,-5 47,-2 47,-7 47,-9 47,-4 47,-7 47,-4 38,0 47,-7 47,-8 47,-3 47,-1 47,-9 47,-8 47,-8 47,-1 40,4 47,-10 47,-9 47,-6 47,-3 47,-5 47,-5 47,-9 47,-5 47,-5 47,-8 47,-8 47,-9 21,23 47,-7 47,-2 47,-9 47,-1 47,-1 47,-2 47,-9 47,-4 47,-10 47,-3 37,5 47,-9 47,-7 47,-11 47,-8 47,-10 47,-10 47,-15 47,-15 47,-11 47,-7 47,-11 47,-9 47,-12 47,-12 47,-8 47,-13 47,-11 47,-11 47,-7 47,-10 47,-10 47,-3 47,-5 47,-9 47,-11 47,-11 47,-4 47,-3 47,-3 47,-3 47,-6 47,-9 47,-8 47,-9 31,10 47,-6 47,-3 47,-8 47,-9 47,-3 47,-7 47,-1 47,-8 47,-15 
47,-6 47,-7 47,-5 47,-2 47,-6 47,-7 47,-3 47,-2 47,-5 47,-1 47,-3 47,-5 35,10 47,-7 47,-9 47,-4 47,-7 47,-4 47,-9 35,5 47,-8 47,-3 47,-1 47,-9 47,-8 47,-8 40,6 47,-3 47,-10 47,-9 47,-6 47,-3 47,-5 47,-5 47,-9 47,-5 47,-5 47,-8 47,-8 34,4 47,-3 47,-7 47,-2 47,-9 47,-1 47,-1 47,-2 47,-9 47,-4 47,-10 47,-3 47,-5 47,-9 47,-7 47,-11 31,8 47,-10 47,-10 47,-15 47,-15 47,-11 47,-7 37,-1 47,-9 47,-12 47,-12 47,-8 47,-13 47,-11 47,-11 47,-7 47,-10 47,-10 47,-3 47,-5 47,-9 47,-11 47,-11 47,-4 47,-3 47,-3 47,-3 47,-6 47,-9 47,-8 47,-9 47,-6 47,-6 47,-3 47,-8 47,-9 47,-3 47,-7 47,-1 47,-8 47,-15 
47,-6 47,-7 47,-5 47,-2 47,-6 47,-7 47,-3 35,10 47,-5 47,-1 47,-3 47,-5 47,-2 47,-7 47,-9 47,-4 47,-7 47,-4 47,-9 47,-7 47,-8 47,-3 47,-1 38,0 47,-8 47,-8 47,-1 47,-3 47,-10 47,-9 47,-6 47,-3 47,-5 47,-5 47,-9 47,-5 47,-5 47,-8 47,-8 47,-9 47,-3 37,3 47,-2 47,-9 47,-1 47,-1 47,-2 47,-9 47,-4 40,-3 47,-3 47,-5 47,-9 47,-7 47,-11 47,-8 47,-10 47,-10 47,-15 47,-15 47,-11 47,-7 47,-11 47,-9 47,-12 47,-12 37,2 47,-13 47,-11 47,-11 47,-7 47,-10 47,-10 47,-3 47,-5 47,-9 47,-11 47,-11 47,-4 47,-3 47,-3 47,-3 47,-6 47,-9 47,-8 47,-9 47,-6 31,10 47,-3 47,-8 47,-9 47,-3 47,-7 47,-1 47,-8 47,-15 
47,-6 47,-7 47,-5 47,-2 47,-6 19,21 47,-3 47,-2 47,-5 47,-1 47,-3 47,-5 47,-2 47,-7 47,-9 47,-4 47,-7 47,-4 47,-9 47,-7 38,1 47,-3 47,-1 47,-9 47,-8 47,-8 47,-1 47,-3 47,-10 47,-9 47,-6 47,-3 47,-5 47,-5 47,-9 47,-5 40,2 47,-8 47,-8 47,-9 47,-3 47,-7 14,31 47,-9 47,-1 47,-1 47,-2 47,-9 47,-4 47,-10 47,-3 47,-5 37,1 47,-7 47,-11 47,-8 47,-10 47,-10 47,-15 47,-15 47,-11 47,-7 47,-11 47,-9 47,-12 47,-12 47,-8 47,-13 47,-11 31,5 47,-7 47,-10 47,-10 47,-3 47,-5 47,-9 47,-11 47,-11 47,-4 47,-3 47,-3 47,-3 47,-6 47,-9 47,-8 47,-9 47,-6 47,-6 47,-3 47,-8 47,-9 47,-3 47,-7 47,-1 47,-8 47,-15 
47,-6 47,-7 47,-5 47,-2 47,-6 47,-7 47,-3 47,-2 47,-5 47,-1 47,-3 27,15 47,-2 47,-7 47,-9 47,-4 47,-7 47,-4 47,-9 47,-7 47,-8 47,-3 38,8 47,-9 47,-8 47,-8 47,-1 47,-3 47,-10 47,-9 47,-6 47,-3 47,-5 47,-5 47,-9 47,-5 47,-5 40,-1 47,-8 47,-9 47,-3 47,-7 47,-2 21,17 47,-1 47,-1 47,-2 47,-9 47,-4 47,-10 47,-3 47,-5 47,-9 47,-7 47,-11 47,-8 47,-10 47,-10 47,-15 47,-15 47,-11 47,-7 47,-11 47,-9 47,-12 47,-12 47,-8 47,-13 47,-11 47,-11 47,-7 47,-10 47,-10 47,-3 47,-5 37,1 47,-11 47,-11 47,-4 47,-3 47,-3 47,-3 47,-6 47,-9 47,-8 37,1 47,-6 47,-6 47,-3 47,-8 47,-9 47,-3 47,-7 47,-1 47,-8 47,-15 
47,-6 47,-7 35,7 47,-2 47,-6 47,-7 47,-3 47,-2 47,-5 47,-1 47,-3 47,-5 47,-2 47,-7 47,-9 47,-4 47,-7 38,5 47,-9 47,-7 47,-8 47,-3 47,-1 47,-9 47,-8 47,-8 47,-1 47,-3 40,-3 47,-9 47,-6 47,-3 47,-5 47,-5 47,-9 47,-5 47,-5 47,-8 47,-8 47,-9 47,-3 47,-7 47,-2 47,-9 37,9 47,-1 47,-2 47,-9 47,-4 47,-10 47,-3 47,-5 47,-9 47,-7 47,-11 47,-8 31,6 47,-10 47,-15 37,-5 47,-11 47,-7 47,-11 47,-9 47,-12 47,-12 47,-8 47,-13 47,-11 47,-11 47,-7 47,-10 47,-10 47,-3 47,-5 47,-9 47,-11 47,-11 47,-4 47,-3 47,-3 47,-3 47,-6 47,-9 47,-8 47,-9 47,-6 47,-6 47,-3 47,-8 47,-9 47,-3 47,-7 47,-1 47,-8 47,-15 
47,-6 47,-7 47,-5 47,-2 47,-6 47,-7 47,-3 47,-2 47,-5 47,-1 47,-3 47,-5 47,-2 47,-7 47,-9 47,-4 47,-7 47,-4 47,-9 47,-7 47,-8 38,6 47,-1 47,-9 47,-8 47,-8 47,-1 47,-3 47,-10 47,-9 47,-6 47,-3 47,-5 47,-5 47,-9 47,-5 47,-5 47,-8 47,-8 47,-9 47,-3 47,-7 47,-2 47,-9 47,-1 47,-1 29,16 47,-9 47,-4 47,-10 40,4 47,-5 47,-9 47,-7 47,-11 47,-8 47,-10 47,-10 47,-15 47,-15 47,-11 29,11 47,-11 47,-9 47,-12 47,-12 47,-8 47,-13 47,-11 47,-11 47,-7 47,-10 47,-10 47,-3 47,-5 47,-9 47,-11 47,-11 47,-4 47,-3 47,-3 47,-3 47,-6 35,3 47,-8 47,-9 47,-6 47,-6 47,-3 29,10 47,-9 47,-3 47,-7 47,-1 47,-8 47,-15 
47,-6 47,-7 47,-5 47,-2 47,-6 47,-7 47,-3 47,-2 47,-5 47,-1 27,17 47,-5 47,-2 47,-7 47,-9 47,-4 47,-7 47,-4 47,-9 47,-7 47,-8 47,-3 47,-1 47,-9 47,-8 38,1 47,-1 47,-3 47,-10 47,-9 47,-6 47,-3 47,-5 47,-5 47,-9 47,-5 47,-5 47,-8 47,-8 47,-9 47,-3 47,-7 47,-2 47,-9 47,-1 47,-1 47,-2 21,17 40,3 47,-10 47,-3 47,-5 47,-9 47,-7 47,-11 47,-8 47,-10 47,-10 47,-15 47,-15 47,-11 47,-7 47,-11 47,-9 47,-12 47,-12 47,-8 47,-13 47,-11 47,-11 47,-7 47,-10 47,-10 47,-3 37,5 47,-9 47,-11 47,-11 47,-4 47,-3 47,-3 47,-3 47,-6 47,-9 47,-8 47,-9 47,-6 47,-6 37,7 47,-8 47,-9 47,-3 47,-7 47,-1 47,-8 47,-15 
47,-6 47,-7 47,-5 47,-2 47,-6 47,-7 47,-3 47,-2 47,-5 47,-1 47,-3 47,-5 47,-2 47,-7 47,-9 47,-4 47,-7 47,-4 47,-9 47,-7 47,-8 47,-3 47,-1 47,-9 38,1 47,-8 47,-1 47,-3 47,-10 47,-9 47,-6 47,-3 47,-5 47,-5 47,-9 40,2 47,-5 47,-8 47,-8 47,-9 47,-3 47,-7 47,-2 47,-9 47,-1 29,17 47,-2 47,-9 47,-4 47,-10 47,-3 47,-5 47,-9 47,-7 47,-11 47,-8 47,-10 47,-10 47,-15 47,-15 47,-11 47,-7 47,-11 29,9 47,-12 47,-12 47,-8 47,-13 47,-11 47,-11 47,-7 47,-10 47,-10 47,-3 47,-5 47,-9 47,-11 47,-11 47,-4 47,-3 47,-3 47,-3 47,-6 47,-9 35,4 47,-9 47,-6 47,-6 47,-3 47,-8 29,9 47,-3 47,-7 47,-1 47,-8 47,-15 
32,9 47,-7 47,-5 47,-2 47,-6 47,-7 47,-3 47,-2 47,-5 47,-1 47,-3 47,-5 47,-2 47,-7 31,7 47,-4 35,5 47,-4 47,-9 47,-7 47,-8 47,-3 47,-1 47,-9 47,-8 47,-8 47,-1 47,-3 47,-10 47,-9 47,-6 47,-3 47,-5 47,-5 47,-9 47,-5 47,-5 47,-8 42,-3 47,-9 47,-3 47,-7 47,-2 47,-9 47,-1 47,-1 47,-2 47,-9 47,-4 47,-10 47,-3 47,-5 47,-9 47,-7 47,-11 47,-8 47,-10 47,-10 47,-15 47,-15 47,-11 47,-7 47,-11 47,-9 47,-12 47,-12 47,-8 6,28 47,-11 47,-11 47,-7 47,-10 47,-10 47,-3 47,-5 47,-9 47,-11 47,-11 47,-4 47,-3 45,-1 47,-3 47,-6 47,-9 47,-8 47,-9 47,-6 47,-6 47,-3 47,-8 47,-9 47,-3 47,-7 47,-1 47,-8 47,-15 
47,-6 47,-7 47,-5 47,-2 47,-6 47,-7 47,-3 47,-2 35,7 47,-1 47,-3 47,-5 47,-2 47,-7 47,-9 47,-4 47,-7 47,-4 47,-9 47,-7 47,-8 47,-3 47,-1 47,-9 47,-8 47,-8 47,-1 47,-3 47,-10 47,-9 47,-6 47,-3 31,11 47,-5 47,-9 47,-5 47,-5 47,-8 47,-8 47,-9 47,-3 47,-7 47,-2 47,-9 47,-1 47,-1 47,-2 47,-9 47,-4 47,-10 47,-3 47,-5 47,-9 47,-7 47,-11 47,-8 47,-10 47,-10 47,-15 47,-15 47,-11 47,-7 47,-11 47,-9 47,-12 47,-12 47,-8 47,-13 21,15 47,-11 47,-7 47,-10 40,-3 47,-3 47,-5 47,-9 47,-11 47,-11 47,-4 47,-3 47,-3 47,-3 32,9 47,-9 47,-8 47,-9 47,-6 47,-6 47,-3 47,-8 47,-9 47,-3 47,-7 47,-1 47,-8 34,-2 
47,-6 47,-7 47,-5 47,-2 47,-6 47,-7 47,-3 47,-2 47,-5 35,11 47,-3 47,-5 47,-2 47,-7 47,-9 47,-4 47,-7 47,-4 47,-9 47,-7 47,-8 47,-3 47,-1 47,-9 47,-8 47,-8 47,-1 47,-3 47,-10 47,-9 47,-6 47,-3 47,-5 31,11 47,-9 47,-5 47,-5 47,-8 47,-8 47,-9 47,-3 47,-7 47,-2 47,-9 47,-1 47,-1 47,-2 47,-9 47,-4 47,-10 47,-3 47,-5 47,-9 47,-7 47,-11 47,-8 47,-10 47,-10 21,11 47,-15 47,-11 47,-7 47,-11 47,-9 47,-12 47,-12 47,-8 47,-13 47,-11 47,-11 47,-7 40,-3 47,-10 47,-3 47,-5 47,-9 47,-11 47,-11 47,-4 47,-3 47,-3 32,12 47,-6 47,-9 47,-8 47,-9 47,-6 47,-6 47,-3 47,-8 47,-9 34,10 47,-7 47,-1 47,-8 47,-15 
47,-6 35,5 47,-5 47,-2 47,-6 47,-7 47,-3 47,-2 47,-5 47,-1 47,-3 47,-5 47,-2 34,6 47,-9 47,-4 47,-7 47,-4 47,-9 47,-7 47,-8 47,-3 47,-1 47,-9 47,-8 47,-8 47,-1 47,-3 47,-10 47,-9 47,-6 47,-3 47,-5 47,-5 31,7 47,-5 47,-5 47,-8 47,-8 47,-9 47,-3 47,-7 47,-2 47,-9 47,-1 47,-1 47,-2 47,-9 47,-4 47,-10 47,-3 47,-5 47,-9 47,-7 47,-11 47,-8 47,-10 47,-10 47,-15 47,-15 47,-11 47,-7 47,-11 47,-9 47,-12 21,14 47,-8 47,-13 47,-11 47,-11 40,0 47,-10 47,-10 47,-3 47,-5 47,-9 47,-11 47,-11 47,-4 32,12 47,-3 47,-3 47,-6 47,-9 47,-8 47,-9 47,-6 47,-6 47,-3 47,-8 47,-9 47,-3 47,-7 47,-1 47,-8 47,-15 
47,-6 47,-7 47,-5 47,-2 35,6 47,-7 47,-3 47,-2 47,-5 47,-1 47,-3 47,-5 47,-2 47,-7 47,-9 47,-4 47,-7 47,-4 47,-9 47,-7 47,-8 47,-3 47,-1 47,-9 47,-8 47,-8 47,-1 47,-3 47,-10 31,7 47,-6 47,-3 47,-5 47,-5 47,-9 47,-5 47,-5 47,-8 47,-8 47,-9 47,-3 47,-7 47,-2 47,-9 47,-1 47,-1 47,-2 47,-9 47,-4 47,-10 47,-3 47,-5 47,-9 47,-7 40,-4 47,-8 47,-10 47,-10 47,-15 47,-15 47,-11 47,-7 47,-11 47,-9 21,14 47,-12 47,-8 47,-13 47,-11 47,-11 47,-7 47,-10 47,-10 47,-3 47,-5 47,-9 47,-11 47,-11 27,16 47,-3 47,-3 47,-3 47,-6 47,-9 47,-8 47,-9 47,-6 47,-6 47,-3 47,-8 47,-9 47,-3 47,-7 47,-1 34,5 47,-15 
47,-6 47,-7 47,-5 35,10 47,-6 47,-7 47,-3 47,-2 47,-5 47,-1 47,-3 47,-5 47,-2 47,-7 47,-9 47,-4 47,-7 47,-4 47,-9 47,-7 47,-8 47,-3 47,-1 47,-9 47,-8 47,-8 47,-1 47,-3 47,-10 47,-9 31,10 47,-3 47,-5 47,-5 47,-9 47,-5 47,-5 47,-8 47,-8 47,-9 47,-3 47,-7 47,-2 47,-9 47,-1 47,-1 47,-2 47,-9 47,-4 47,-10 47,-3 47,-5 47,-9 47,-7 47,-11 47,-8 47,-10 47,-10 47,-15 47,-15 21,15 47,-7 47,-11 47,-9 47,-12 47,-12 47,-8 47,-13 47,-11 47,-11 47,-7 47,-10 47,-10 40,4 47,-5 47,-9 47,-11 38,-2 47,-4 47,-3 47,-3 47,-3 47,-6 47,-9 47,-8 47,-9 47,-6 47,-6 47,-3 47,-8 47,-9 47,-3 47,-7 42,4 47,-8 47,-15 
47,-6 47,-7 47,-5 47,-2 47,-6 47,-7 47,-3 47,-2 47,-5 47,-1 47,-3 47,-5 47,-2 47,-7 47,-9 35,8 47,-7 47,-4 47,-9 47,-7 47,-8 47,-3 47,-1 47,-9 47,-8 47,-8 47,-1 47,-3 47,-10 47,-9 47,-6 31,13 47,-5 47,-5 47,-9 47,-5 47,-5 47,-8 47,-8 47,-9 47,-3 47,-7 47,-2 47,-9 47,-1 47,-1 47,-2 47,-9 47,-4 47,-10 47,-3 47,-5 47,-9 40,0 47,-11 47,-8 47,-10 21,16 47,-15 47,-15 47,-11 47,-7 47,-11 47,-9 47,-12 47,-12 47,-8 47,-13 47,-11 47,-11 47,-7 47,-10 47,-10 47,-3 47,-5 47,-9 19,17 47,-11 47,-4 47,-3 47,-3 47,-3 47,-6 47,-9 47,-8 47,-9 47,-6 47,-6 47,-3 47,-8 47,-9 47,-3 34,6 47,-1 47,-8 47,-15 
