21
1
1
126
13|14|15|17|18|19|20|21|22|24|25|26|28|30|44|50|51|52|55|57|67|68|69|73|82|83|84|85|87|98|99|100|101|102|103|104|105|106|111|112|130|131|135|143|148|149|150|154|155|156|163|165|166|168|169|171|172|173|175|176|177|178|179|180|182|183|185|186|187|190|207|215|219|225|227|236|237|238|239|240|241|242|243|244|245|246|247|248|249|252|254|256|268|269|270|272|273|277|278|279|280|281|299|300|301|302|303|304|305|306|307|308|309|313|314|384|386|387|404|405|406|408|417|419|420|421
40,2 47,-4 47,-6 47,-5 47,-6 47,-7 47,-5 47,-2 47,-6 35,9 47,-2 47,-5 47,-3 47,-2 47,-3 47,-4 47,-2 47,-4 47,-7 42,-2 47,-9 47,-5 47,-3 47,-3 47,-7 47,-9 47,-4 47,-4 47,-7 47,-4 47,-9 47,-7 47,-8 47,-3 47,-1 47,-9 47,-8 47,-8 47,-2 47,-1 47,-8 47,-15 47,-8 31,3 47,-9 47,-12 47,-18 47,-13 47,-21 47,-7 47,-7 47,-4 47,-2 47,-14 47,-7 47,-14 47,-6 47,-9 47,-14 47,-9 47,-15 47,-8 47,-10 47,-9 47,-14 47,-20 47,-13 47,-14 47,-18 47,-13 47,-14 47,-17 47,-10 47,-16 47,-14 47,-3 47,-8 47,-8 47,-4 47,-7 47,-11 47,-9 47,-12 21,11 47,-8 47,-13 47,-11 47,-13 47,-5 47,-14 47,-10 47,-10 47,-11 47,-9 47,-3 47,-10 47,-6 47,-1 47,-4 47,-8 47,-12 47,-13 47,-19 47,-7 47,-11 47,-11 47,-4 47,-3 47,-3 47,-3 38,3 47,-9 47,-12 47,-7 47,-10 47,-11 47,-8 47,-11 47,-6 47,-2 47,-3 47,-4 47,-6 47,-11 47,-15 47,-4 
47,-5 34,9 47,-6 47,-5 47,-6 47,-7 47,-5 47,-2 47,-6 47,-3 47,-2 47,-5 47,-3 47,-2 47,-3 47,-4 47,-2 47,-4 47,-7 47,-7 47,-9 47,-5 47,-3 47,-3 47,-7 26,12 47,-4 47,-4 47,-7 47,-4 47,-9 47,-7 47,-8 47,-3 47,-1 47,-9 47,-8 47,-8 47,-2 40,6 47,-8 47,-15 47,-8 47,-13 47,-9 47,-12 47,-18 47,-13 47,-21 47,-7 47,-7 47,-4 47,-2 47,-14 47,-7 47,-14 47,-6 47,-9 47,-14 47,-9 47,-15 47,-8 47,-10 47,-9 47,-14 47,-20 47,-13 47,-14 47,-18 47,-13 47,-14 47,-17 47,-10 47,-16 47,-14 47,-3 47,-8 47,-8 47,-4 47,-7 47,-11 47,-9 8,27 47,-15 47,-8 47,-13 47,-11 21,13 47,-5 47,-14 47,-10 47,-10 47,-11 47,-9 47,-3 47,-10 47,-6 47,-1 47,-4 47,-8 47,-12 47,-13 47,-19 47,-7 47,-11 47,-11 47,-4 47,-3 47,-3 47,-3 47,-6 47,-9 47,-12 47,-7 47,-10 47,-11 47,-8 47,-11 47,-6 47,-2 47,-3 47,-4 47,-6 47,-11 47,-15 42,1 
47,-5 47,-4 40,1 47,-5 47,-6 47,-7 47,-5 47,-2 47,-6 47,-3 47,-2 47,-5 47,-3 47,-2 47,-3 47,-4 47,-2 47,-4 42,-2 47,-7 47,-9 47,-5 47,-3 47,-3 47,-7 47,-9 47,-4 47,-4 35,5 47,-4 47,-9 47,-7 47,-8 47,-3 47,-1 47,-9 47,-8 47,-8 47,-2 47,-1 47,-8 47,-15 47,-8 47,-13 47,-9 47,-12 47,-18 47,-13 47,-21 47,-7 47,-7 47,-4 47,-2 47,-14 47,-7 47,-14 47,-6 47,-9 47,-14 47,-9 47,-15 47,-8 47,-10 47,-9 47,-14 47,-20 47,-13 47,-14 47,-18 47,-13 31,2 47,-17 47,-10 47,-16 47,-14 47,-3 47,-8 47,-8 47,-4 47,-7 47,-11 47,-9 47,-12 47,-15 47,-8 21,13 47,-11 47,-13 47,-5 47,-14 47,-10 47,-10 47,-11 47,-9 47,-3 47,-10 47,-6 47,-1 47,-4 47,-8 47,-12 47,-13 47,-19 47,-7 47,-11 47,-11 47,-4 47,-3 30,14 47,-3 47,-6 47,-9 47,-12 47,-7 47,-10 47,-11 47,-8 47,-11 47,-6 47,-2 47,-3 47,-4 47,-6 47,-11 47,-15 47,-4 
47,-5 47,-4 47,-6 34,8 47,-6 47,-7 47,-5 47,-2 47,-6 47,-3 47,-2 47,-5 47,-3 47,-2 47,-3 47,-4 47,-2 47,-4 47,-7 47,-7 47,-9 47,-5 47,-3 47,-3 26,14 47,-9 47,-4 47,-4 47,-7 47,-4 47,-9 47,-7 47,-8 47,-3 47,-1 47,-9 47,-8 47,-8 47,-2 47,-1 40,-1 47,-15 47,-8 47,-13 47,-9 47,-12 47,-18 47,-13 47,-21 47,-7 47,-7 47,-4 47,-2 47,-14 47,-7 47,-14 47,-6 47,-9 47,-14 47,-9 47,-15 47,-8 47,-10 47,-9 47,-14 47,-20 47,-13 47,-14 47,-18 47,-13 47,-14 47,-17 47,-10 47,-16 47,-14 47,-3 47,-8 47,-8 47,-4 47,-7 8,28 47,-9 47,-12 47,-15 47,-8 47,-13 47,-11 47,-13 21,21 47,-14 47,-10 47,-10 47,-11 47,-9 47,-3 47,-10 47,-6 47,-1 47,-4 47,-8 47,-12 47,-13 47,-19 47,-7 47,-11 47,-11 47,-4 47,-3 47,-3 47,-3 47,-6 47,-9 47,-12 47,-7 47,-10 47,-11 47,-8 47,-11 47,-6 47,-2 47,-3 47,-4 45,-4 47,-11 47,-15 47,-4 
47,-5 47,-4 47,-6 47,-5 34,7 47,-7 47,-5 47,-2 47,-6 47,-3 47,-2 47,-5 47,-3 47,-2 47,-3 47,-4 47,-2 47,-4 47,-7 47,-7 47,-9 21,21 47,-3 47,-3 47,-7 47,-9 47,-4 47,-4 47,-7 47,-4 47,-9 47,-7 47,-8 47,-3 47,-1 47,-9 47,-8 47,-8 47,-2 47,-1 47,-8 47,-15 47,-8 47,-13 47,-9 47,-12 47,-18 47,-13 47,-21 26,14 47,-7 47,-4 47,-2 47,-14 47,-7 47,-14 47,-6 47,-9 47,-14 47,-9 47,-15 47,-8 47,-10 47,-9 47,-14 47,-20 47,-13 47,-14 47,-18 47,-13 47,-14 47,-17 47,-10 47,-16 47,-14 47,-3 47,-8 47,-8 47,-4 8,32 47,-11 47,-9 47,-12 47,-15 47,-8 47,-13 47,-11 47,-13 47,-5 47,-14 47,-10 47,-10 47,-11 47,-9 47,-3 47,-10 47,-6 47,-1 47,-4 47,-8 47,-12 47,-13 47,-19 47,-7 47,-11 47,-11 47,-4 47,-3 47,-3 47,-3 47,-6 47,-9 47,-12 47,-7 40,-3 47,-11 47,-8 47,-11 47,-6 47,-2 47,-3 42,1 47,-6 47,-11 47,-15 47,-4 
47,-5 47,-4 47,-6 47,-5 47,-6 35,5 47,-5 47,-2 47,-6 47,-3 47,-2 47,-5 47,-3 47,-2 47,-3 47,-4 47,-2 47,-4 47,-7 47,-7 47,-9 47,-5 47,-3 47,-3 47,-7 47,-9 47,-4 47,-4 47,-7 47,-4 47,-9 47,-7 47,-8 47,-3 47,-1 47,-9 47,-8 47,-8 47,-2 47,-1 47,-8 47,-15 47,-8 47,-13 47,-9 47,-12 47,-18 47,-13 47,-21 47,-7 47,-7 47,-4 47,-2 47,-14 47,-7 47,-14 47,-6 47,-9 47,-14 47,-9 47,-15 47,-8 47,-10 47,-9 40,-7 47,-20 47,-13 47,-14 47,-18 47,-13 47,-14 47,-17 47,-10 47,-16 47,-14 47,-3 47,-8 47,-8 47,-4 47,-7 47,-11 21,17 47,-12 47,-15 47,-8 47,-13 47,-11 47,-13 47,-5 47,-14 47,-10 31,6 47,-11 47,-9 47,-3 47,-10 47,-6 47,-1 47,-4 47,-8 47,-12 47,-13 20,8 47,-7 47,-11 47,-11 47,-4 47,-3 47,-3 47,-3 47,-6 47,-9 47,-12 47,-7 47,-10 47,-11 47,-8 47,-11 47,-6 47,-2 47,-3 47,-4 47,-6 47,-11 34,-2 47,-4 
47,-5 47,-4 47,-6 47,-5 47,-6 47,-7 35,7 47,-2 47,-6 47,-3 47,-2 47,-5 47,-3 47,-2 47,-3 47,-4 47,-2 47,-4 47,-7 47,-7 47,-9 47,-5 47,-3 47,-3 47,-7 47,-9 47,-4 47,-4 47,-7 47,-4 47,-9 47,-7 47,-8 47,-3 47,-1 47,-9 47,-8 47,-8 47,-2 47,-1 47,-8 47,-15 47,-8 47,-13 42,-4 47,-12 47,-18 47,-13 47,-21 47,-7 47,-7 47,-4 47,-2 47,-14 47,-7 47,-14 47,-6 47,-9 47,-14 47,-9 47,-15 47,-8 47,-10 47,-9 47,-14 47,-20 47,-13 47,-14 47,-18 47,-13 47,-14 47,-17 47,-10 47,-16 47,-14 47,-3 47,-8 47,-8 47,-4 47,-7 47,-11 47,-9 47,-12 47,-15 47,-8 47,-13 21,15 47,-13 47,-5 47,-14 47,-10 47,-10 47,-11 47,-9 47,-3 32,5 47,-6 47,-1 47,-4 47,-8 47,-12 47,-13 47,-19 47,-7 47,-11 47,-11 43,0 47,-3 47,-3 47,-3 47,-6 47,-9 47,-12 47,-7 47,-10 31,5 47,-8 47,-11 47,-6 47,-2 47,-3 47,-4 47,-6 47,-11 47,-15 47,-4 
47,-5 47,-4 47,-6 47,-5 47,-6 47,-7 47,-5 21,24 47,-6 47,-3 47,-2 47,-5 47,-3 47,-2 47,-3 47,-4 47,-2 47,-4 47,-7 47,-7 47,-9 47,-5 47,-3 47,-3 47,-7 47,-9 47,-4 47,-4 47,-7 47,-4 47,-9 38,2 47,-8 47,-3 47,-1 47,-9 47,-8 47,-8 47,-2 47,-1 47,-8 40,-8 47,-8 47,-13 47,-9 47,-12 47,-18 47,-13 47,-21 47,-7 47,-7 47,-4 47,-2 47,-14 21,19 47,-14 47,-6 47,-9 47,-14 47,-9 47,-15 47,-8 47,-10 37,1 47,-14 47,-20 47,-13 47,-14 47,-18 47,-13 47,-14 47,-17 31,6 47,-16 47,-14 47,-3 47,-8 47,-8 47,-4 47,-7 47,-11 47,-9 47,-12 47,-15 47,-8 47,-13 47,-11 47,-13 47,-5 47,-14 47,-10 47,-10 47,-11 47,-9 47,-3 47,-10 47,-6 47,-1 47,-4 47,-8 47,-12 47,-13 47,-19 47,-7 47,-11 47,-11 47,-4 47,-3 47,-3 47,-3 47,-6 47,-9 47,-12 47,-7 47,-10 47,-11 47,-8 47,-11 47,-6 47,-2 47,-3 47,-4 47,-6 47,-11 47,-15 47,-4 
47,-5 47,-4 47,-6 47,-5 47,-6 47,-7 47,-5 47,-2 27,14 47,-3 47,-2 47,-5 47,-3 47,-2 47,-3 47,-4 47,-2 47,-4 47,-7 47,-7 47,-9 47,-5 47,-3 47,-3 47,-7 47,-9 47,-4 47,-4 47,-7 47,-4 35,3 47,-7 47,-8 47,-3 47,-1 47,-9 47,-8 47,-8 40,5 47,-1 47,-8 47,-15 37,2 47,-13 47,-9 47,-12 47,-18 47,-13 47,-21 47,-7 47,-7 47,-4 18,27 47,-14 47,-7 47,-14 47,-6 47,-9 47,-14 47,-9 47,-15 47,-8 47,-10 47,-9 47,-14 47,-20 47,-13 47,-14 47,-18 47,-13 47,-14 47,-17 47,-10 47,-16 47,-14 47,-3 47,-8 47,-8 47,-4 47,-7 47,-11 47,-9 47,-12 47,-15 47,-8 47,-13 47,-11 47,-13 47,-5 47,-14 47,-10 47,-10 47,-11 47,-9 47,-3 47,-10 47,-6 47,-1 47,-4 47,-8 37,-2 47,-13 47,-19 47,-7 47,-11 47,-11 47,-4 47,-3 47,-3 47,-3 47,-6 47,-9 47,-12 47,-7 47,-10 47,-11 47,-8 47,-11 47,-6 47,-2 47,-3 47,-4 47,-6 47,-11 47,-15 47,-4 
47,-5 47,-4 47,-6 47,-5 47,-6 47,-7 47,-5 47,-2 47,-6 47,-3 35,10 47,-5 47,-3 47,-2 47,-3 47,-4 47,-2 47,-4 47,-7 47,-7 47,-9 47,-5 47,-3 47,-3 47,-7 47,-9 47,-4 47,-4 47,-7 47,-4 47,-9 47,-7 47,-8 47,-3 47,-1 47,-9 47,-8 47,-8 47,-2 47,-1 47,-8 47,-15 47,-8 47,-13 47,-9 47,-12 47,-18 47,-13 47,-21 47,-7 47,-7 47,-4 47,-2 47,-14 47,-7 47,-14 47,-6 47,-9 47,-14 47,-9 47,-15 47,-8 47,-10 47,-9 47,-14 40,-13 47,-13 47,-14 47,-18 47,-13 47,-14 47,-17 47,-10 47,-16 31,2 47,-3 47,-8 47,-8 47,-4 47,-7 47,-11 47,-9 47,-12 47,-15 21,18 47,-13 47,-11 47,-13 47,-5 47,-14 47,-10 47,-10 47,-11 47,-9 47,-3 47,-10 47,-6 47,-1 47,-4 47,-8 47,-12 47,-13 47,-19 47,-7 47,-11 47,-11 47,-4 27,17 47,-3 47,-3 47,-6 47,-9 47,-12 47,-7 47,-10 47,-11 47,-8 47,-11 47,-6 47,-2 34,10 47,-4 47,-6 47,-11 47,-15 47,-4 
47,-5 47,-4 47,-6 47,-5 47,-6 47,-7 47,-5 47,-2 47,-6 47,-3 47,-2 19,23 47,-3 47,-2 47,-3 47,-4 47,-2 47,-4 47,-7 47,-7 47,-9 47,-5 47,-3 31,13 47,-7 47,-9 47,-4 47,-4 47,-7 35,8 47,-9 47,-7 47,-8 47,-3 47,-1 47,-9 47,-8 47,-8 47,-2 47,-1 47,-8 47,-15 47,-8 47,-13 47,-9 47,-12 47,-18 47,-13 47,-21 47,-7 23,17 47,-4 47,-2 47,-14 47,-7 47,-14 47,-6 47,-9 47,-14 47,-9 47,-15 47,-8 37,0 47,-9 47,-14 47,-20 47,-13 47,-14 47,-18 47,-13 47,-14 47,-17 47,-10 47,-16 47,-14 47,-3 47,-8 47,-8 47,-4 47,-7 47,-11 47,-9 47,-12 47,-15 47,-8 47,-13 47,-11 47,-13 47,-5 47,-14 47,-10 47,-10 47,-11 47,-9 47,-3 47,-10 47,-6 47,-1 47,-4 47,-8 47,-12 47,-13 47,-19 40,0 47,-11 47,-11 47,-4 47,-3 47,-3 47,-3 47,-6 47,-9 47,-12 47,-7 47,-10 47,-11 47,-8 47,-11 47,-6 47,-2 47,-3 47,-4 47,-6 47,-11 47,-15 47,-4 
47,-5 47,-4 47,-6 47,-5 47,-6 47,-7 47,-5 47,-2 47,-6 47,-3 47,-2 47,-5 27,17 47,-2 47,-3 47,-4 47,-2 47,-4 47,-7 47,-7 47,-9 47,-5 47,-3 47,-3 47,-7 47,-9 47,-4 47,-4 47,-7 47,-4 47,-9 47,-7 47,-8 47,-3 47,-1 47,-9 47,-8 38,1 47,-2 47,-1 47,-8 47,-15 47,-8 47,-13 47,-9 47,-12 40,-11 47,-13 47,-21 47,-7 47,-7 47,-4 47,-2 47,-14 47,-7 47,-14 21,20 47,-9 47,-14 47,-9 47,-15 47,-8 47,-10 47,-9 47,-14 47,-20 47,-13 47,-14 47,-18 47,-13 47,-14 47,-17 47,-10 37,-6 47,-14 47,-3 47,-8 47,-8 47,-4 47,-7 47,-11 47,-9 47,-12 47,-15 47,-8 47,-13 47,-11 47,-13 47,-5 47,-14 47,-10 47,-10 47,-11 47,-9 47,-3 47,-10 47,-6 47,-1 37,6 47,-8 47,-12 47,-13 47,-19 47,-7 47,-11 47,-11 47,-4 47,-3 47,-3 47,-3 47,-6 47,-9 47,-12 47,-7 47,-10 47,-11 47,-8 47,-11 47,-6 47,-2 47,-3 47,-4 47,-6 47,-11 47,-15 47,-4 
47,-5 47,-9 47,-11 47,-10 47,-11 47,-12 47,-10 47,-7 47,-11 47,-8 47,-7 47,-10 47,-8 25,15 47,-8 47,-9 47,-7 47,-9 47,-12 47,-12 47,-14 47,-10 47,-8 47,-8 47,-12 47,-14 47,-9 47,-9 47,-12 47,-9 47,-14 47,-12 47,-13 47,-8 38,3 47,-14 47,-13 47,-13 47,-7 47,-6 47,-8 47,-15 47,-8 47,-18 47,-14 47,-17 47,-23 47,-18 47,-26 47,-12 47,-12 20,18 47,-7 47,-19 47,-12 47,-19 47,-11 47,-14 47,-19 47,-14 40,-13 47,-13 47,-15 47,-14 47,-19 47,-25 47,-18 47,-19 47,-23 47,-18 47,-19 47,-22 47,-15 47,-21 47,-19 47,-8 47,-13 47,-13 47,-9 47,-12 47,-16 47,-14 47,-17 47,-20 47,-13 47,-18 47,-16 47,-18 47,-10 47,-19 37,-5 47,-15 47,-16 47,-14 47,-8 47,-15 47,-11 47,-6 47,-9 47,-13 47,-17 37,-8 47,-24 47,-12 47,-16 47,-16 47,-9 47,-8 47,-8 47,-8 47,-11 47,-14 47,-17 47,-7 47,-15 47,-16 47,-13 47,-16 47,-11 47,-7 47,-8 47,-9 47,-11 47,-16 47,-20 47,-9 
47,-9 47,-4 47,-10 47,-9 47,-10 47,-11 47,-9 47,-6 47,-10 47,-7 47,-6 47,-9 47,-7 47,-6 21,19 47,-8 47,-6 47,-8 47,-11 47,-11 47,-13 47,-9 47,-7 47,-7 47,-11 47,-13 26,13 47,-8 47,-11 47,-8 47,-13 47,-11 47,-12 47,-7 47,-5 47,-13 47,-12 47,-12 47,-6 47,-5 47,-12 47,-19 47,-12 47,-13 47,-9 47,-12 47,-22 47,-17 47,-25 47,-11 47,-11 47,-8 47,-6 47,-18 47,-11 47,-18 47,-10 47,-13 47,-18 47,-13 47,-19 42,-7 47,-14 47,-13 47,-18 47,-24 47,-17 47,-18 47,-22 47,-17 47,-18 47,-21 47,-14 47,-20 47,-18 8,32 47,-12 47,-12 47,-8 47,-11 47,-15 47,-13 47,-16 47,-19 47,-12 47,-17 47,-15 47,-17 47,-9 47,-18 47,-14 47,-14 47,-15 47,-13 47,-7 47,-14 34,3 47,-5 47,-8 47,-12 47,-16 47,-17 47,-23 47,-11 47,-15 47,-15 47,-8 47,-7 47,-7 47,-7 47,-10 47,-13 45,-14 47,-11 47,-10 47,-15 47,-12 47,-15 47,-10 47,-6 47,-7 47,-8 47,-10 47,-15 47,-19 47,-8 
47,-11 47,-10 47,-6 47,-11 47,-12 47,-13 47,-11 47,-8 47,-12 47,-9 47,-8 47,-11 47,-9 47,-8 47,-9 27,10 47,-8 47,-10 47,-13 47,-13 47,-15 47,-11 47,-9 47,-9 47,-13 47,-15 47,-10 47,-10 47,-13 47,-10 47,-15 47,-13 47,-14 47,-9 47,-7 35,-3 47,-14 47,-14 47,-8 47,-7 47,-14 47,-21 47,-14 47,-19 47,-15 47,-18 47,-18 47,-13 47,-21 47,-7 47,-13 47,-10 47,-8 23,4 47,-13 47,-20 47,-12 47,-15 47,-20 47,-15 47,-21 47,-14 47,-16 47,-15 47,-20 47,-26 47,-19 47,-20 25,-2 47,-19 47,-20 47,-17 47,-16 47,-22 47,-20 47,-9 47,-14 47,-14 47,-10 47,-13 47,-17 47,-15 47,-18 47,-21 47,-14 47,-19 47,-17 47,-19 47,-11 47,-20 47,-16 47,-16 47,-17 47,-15 47,-9 47,-16 47,-12 37,3 47,-10 47,-14 47,-18 47,-19 47,-25 47,-13 47,-17 47,-17 47,-10 47,-9 47,-9 47,-9 47,-12 47,-15 47,-18 40,-6 47,-16 47,-17 47,-14 47,-17 47,-12 47,-8 47,-9 47,-10 47,-12 47,-17 47,-21 47,-10 
47,-5 47,-4 47,-6 47,-5 47,-6 47,-7 47,-5 47,-2 47,-6 47,-3 47,-2 47,-5 47,-3 47,-2 47,-3 47,-4 31,14 47,-4 47,-7 47,-7 47,-9 47,-5 47,-3 47,-3 47,-7 47,-9 47,-4 47,-4 47,-7 47,-4 47,-9 47,-7 47,-8 47,-3 47,-1 47,-9 47,-8 47,-8 47,-2 47,-1 47,-8 47,-15 47,-8 47,-13 47,-9 47,-12 47,-18 47,-13 35,-9 47,-7 47,-7 47,-4 47,-2 47,-14 47,-7 47,-14 47,-6 47,-9 47,-14 47,-9 47,-15 47,-8 47,-10 47,-9 47,-14 47,-20 47,-13 47,-14 47,-18 47,-13 47,-14 47,-17 47,-10 47,-16 47,-14 47,-3 47,-8 47,-8 9,34 47,-7 47,-11 47,-9 47,-12 47,-15 47,-8 47,-13 47,-11 47,-13 47,-5 47,-14 47,-10 47,-10 47,-11 40,-2 47,-3 47,-10 47,-6 47,-1 47,-4 47,-8 47,-12 47,-13 47,-19 47,-7 40,-4 47,-11 47,-4 47,-3 47,-3 47,-3 47,-6 47,-9 47,-12 47,-7 47,-10 47,-11 47,-8 47,-11 47,-6 42,3 47,-3 47,-4 47,-6 47,-11 47,-15 47,-4 
47,-10 47,-9 47,-11 47,-5 47,-11 47,-12 47,-10 47,-7 47,-11 47,-8 47,-7 47,-10 47,-8 47,-7 47,-8 47,-9 47,-7 21,17 47,-12 47,-12 47,-14 47,-10 47,-8 47,-8 47,-12 47,-14 47,-9 26,12 47,-12 47,-9 47,-14 47,-12 47,-13 47,-8 47,-6 47,-14 47,-13 47,-13 47,-7 47,-6 47,-13 47,-20 47,-13 47,-18 47,-14 40,-10 47,-23 47,-18 47,-26 47,-12 47,-12 47,-9 47,-7 47,-19 47,-12 47,-14 47,-6 47,-9 47,-14 47,-9 47,-15 47,-8 47,-10 47,-14 47,-19 47,-25 47,-18 47,-19 47,-23 47,-18 47,-19 47,-22 47,-15 47,-21 47,-19 47,-8 8,26 47,-13 47,-9 47,-12 47,-16 47,-14 47,-17 47,-20 47,-13 47,-18 47,-16 47,-18 47,-10 47,-19 47,-15 47,-15 47,-16 47,-14 34,5 47,-15 47,-11 47,-6 47,-9 47,-13 47,-17 47,-18 47,-24 47,-12 47,-16 47,-16 47,-9 47,-8 47,-8 47,-8 47,-11 47,-14 47,-17 47,-12 47,-15 47,-16 47,-13 47,-16 47,-11 47,-7 47,-8 47,-9 47,-6 45,-14 47,-20 47,-9 
47,-11 47,-10 47,-12 47,-11 47,-6 47,-13 47,-11 47,-8 47,-12 47,-9 47,-8 47,-11 47,-9 47,-8 47,-9 47,-10 47,-8 47,-10 47,-13 47,-13 27,5 47,-11 47,-9 47,-9 47,-13 47,-15 47,-10 47,-10 47,-13 47,-10 47,-15 47,-13 35,-2 47,-9 47,-7 47,-15 47,-14 47,-14 47,-8 47,-7 47,-14 47,-21 47,-14 47,-19 47,-15 47,-18 47,-24 47,-19 47,-27 47,-13 47,-13 47,-10 47,-8 47,-20 47,-13 47,-20 47,-12 47,-15 23,4 47,-15 47,-21 47,-14 47,-16 47,-9 47,-14 47,-20 25,9 47,-14 47,-18 47,-19 47,-20 47,-23 47,-16 47,-22 47,-20 47,-9 47,-14 47,-14 47,-10 47,-13 47,-17 47,-15 47,-18 47,-21 47,-14 47,-19 47,-17 47,-19 47,-11 47,-20 47,-16 47,-16 47,-17 47,-15 47,-9 47,-16 47,-12 47,-7 47,-10 47,-14 47,-18 47,-19 47,-25 47,-13 47,-17 47,-17 47,-10 47,-9 47,-9 47,-9 47,-12 40,-8 47,-18 47,-13 47,-16 47,-17 47,-14 37,-7 47,-12 47,-8 47,-9 47,-10 47,-12 47,-17 47,-21 47,-10 
47,-12 47,-11 47,-13 47,-12 47,-13 47,-7 47,-12 47,-9 47,-13 47,-10 47,-9 47,-12 47,-10 47,-9 47,-10 47,-11 47,-9 47,-11 47,-14 47,-14 47,-16 47,-12 37,0 47,-10 47,-14 47,-16 47,-11 47,-11 47,-14 47,-11 47,-16 47,-14 47,-15 35,2 47,-8 47,-16 47,-15 47,-15 47,-9 47,-8 47,-15 47,-22 47,-15 47,-20 47,-16 47,-19 47,-25 47,-20 47,-28 47,-14 47,-14 47,-11 47,-9 47,-21 47,-14 47,-21 47,-13 29,2 47,-21 47,-16 47,-22 47,-15 47,-17 47,-16 47,-21 47,-27 47,-20 25,1 47,-25 47,-13 47,-21 47,-24 47,-10 47,-23 47,-21 47,-10 47,-15 47,-15 47,-11 47,-14 47,-18 47,-16 47,-19 47,-22 47,-15 47,-20 47,-18 47,-20 47,-12 47,-21 47,-17 47,-17 47,-18 47,-16 47,-10 47,-17 47,-13 47,-8 47,-11 47,-15 47,-19 47,-20 47,-26 47,-14 47,-18 40,-11 47,-11 47,-10 47,-10 47,-10 47,-13 47,-16 47,-19 47,-14 47,-17 47,-18 37,-5 47,-18 47,-13 47,-9 47,-10 47,-11 47,-13 47,-11 47,-22 47,-11 
47,-10 47,-9 47,-11 47,-10 47,-11 47,-12 47,-5 47,-7 47,-11 47,-8 47,-7 47,-10 47,-8 47,-7 47,-8 47,-9 47,-7 47,-9 47,-12 47,-12 47,-14 47,-10 47,-8 47,-8 47,-12 47,-14 47,-9 47,-9 47,-12 47,-9 47,-14 47,-12 47,-13 47,-8 47,-6 47,-14 38,-4 47,-13 47,-7 47,-6 47,-13 47,-20 47,-13 47,-18 47,-14 47,-17 47,-23 47,-18 47,-26 47,-12 47,-12 47,-9 47,-7 47,-19 47,-12 26,2 47,-11 47,-14 47,-19 40,-7 47,-20 47,-13 47,-15 47,-14 47,-19 47,-25 47,-18 47,-19 47,-23 25,4 47,-14 47,-22 47,-15 47,-21 47,-19 47,-8 47,-13 47,-13 47,-9 47,-12 47,-16 47,-14 47,-17 47,-20 47,-13 47,-18 47,-16 47,-18 47,-10 27,1 47,-15 47,-15 47,-16 47,-14 47,-8 47,-15 47,-11 47,-6 47,-9 37,-3 47,-17 47,-18 47,-24 47,-12 47,-16 47,-16 47,-9 47,-8 47,-8 47,-8 47,-11 47,-14 47,-17 47,-12 47,-15 47,-16 47,-13 47,-16 47,-11 47,-7 47,-8 47,-9 47,-11 47,-16 47,-15 47,-9 
47,-7 47,-6 47,-8 47,-7 47,-8 47,-9 47,-7 47,-2 47,-8 47,-5 47,-4 47,-7 47,-5 47,-4 47,-5 47,-6 47,-4 47,-6 47,-9 47,-9 47,-11 47,-7 47,-5 47,-5 47,-9 47,-11 47,-6 47,-6 47,-9 47,-6 47,-11 47,-9 47,-10 47,-5 47,-3 47,-11 47,-10 47,-10 47,-4 47,-3 47,-10 47,-17 47,-10 47,-15 47,-11 47,-14 47,-20 35,-3 47,-23 47,-9 47,-9 47,-6 47,-4 47,-16 47,-9 47,-16 47,-8 47,-11 47,-16 47,-11 47,-17 47,-10 47,-12 47,-11 47,-16 47,-22 47,-15 47,-16 47,-20 47,-15 47,-16 31,-1 47,-10 47,-18 47,-16 47,-5 47,-10 21,16 47,-6 47,-9 47,-13 47,-11 47,-14 47,-17 47,-10 47,-15 47,-13 47,-15 47,-7 47,-16 47,-12 47,-12 40,-6 47,-11 47,-5 47,-12 47,-8 47,-3 47,-6 47,-10 47,-14 47,-15 47,-21 47,-9 47,-13 47,-13 47,-6 47,-5 47,-5 30,12 47,-8 47,-11 47,-14 47,-9 47,-12 47,-13 47,-10 47,-13 42,-3 47,-4 47,-5 47,-6 47,-8 47,-13 47,-17 47,-4 
