9
1
1
36
5|6|7|9|10|11|12|17|18|19|20|21|22|23|25|31|32|33|34|35|39|40|41|62|63|64|65|66|67|68|69|73|86|87|88|91
18,0 19,-7 19,-2 19,-2 19,-1 19,-10 19,-2 13,-5 19,-9 19,-3 19,-1 19,-9 19,-9 19,-6 19,-9 19,-1 19,-10 19,-3 19,-9 19,-7 19,-9 19,-5 19,-2 19,-17 19,-13 19,-12 19,-11 19,-9 19,-14 19,-15 12,-10 19,-5 19,-11 19,-10 14,3 19,-6 
19,-1 18,-6 19,-2 19,-2 19,-1 19,-10 19,-2 19,-11 19,-9 19,-3 19,-1 19,-9 8,2 19,-6 19,-9 19,-1 19,-10 19,-3 14,-4 19,-7 19,-9 19,-5 19,-2 19,-17 19,-13 19,-12 12,-4 19,-9 19,-14 19,-15 19,-17 19,-5 19,-11 19,-10 19,-2 19,-6 
19,-1 19,-7 18,-1 19,-2 19,-1 19,-10 19,-2 19,-11 19,-9 13,3 19,-1 19,-9 19,-9 19,-6 19,-9 19,-1 14,-5 19,-3 19,-9 19,-7 19,-9 19,-5 19,-2 19,-17 19,-13 12,-5 19,-11 19,-9 19,-14 19,-15 19,-17 19,-5 19,-11 19,-10 19,-2 19,-6 
19,-1 19,-7 19,-2 18,-1 19,-1 19,-10 19,-2 19,-11 19,-9 19,-3 19,-1 19,-9 19,-9 19,-6 19,-9 19,-1 19,-10 19,-3 19,-9 14,-2 19,-9 19,-5 19,-2 12,-10 19,-13 19,-12 19,-11 19,-9 19,-14 19,-15 19,-17 19,-5 19,-11 8,1 19,-2 19,-6 
19,-1 19,-8 19,-3 19,-3 18,-1 19,-11 19,-3 19,-12 19,-10 19,-4 19,-2 19,-10 19,-10 19,-7 13,-3 19,-2 19,-11 19,-4 19,-10 19,-7 19,-10 14,-1 19,-3 19,-18 19,-14 19,-13 19,-11 19,-10 19,-15 12,-9 19,-18 19,-6 19,-12 19,-11 19,-3 19,-7 
19,-8 19,-7 19,-9 19,-9 19,-8 18,-16 19,-9 19,-18 19,-16 19,-10 19,-8 19,-16 19,-16 13,-7 19,-16 19,-8 19,-17 19,-10 19,-16 19,-14 14,-11 19,-12 19,-9 19,-17 19,-13 19,-12 19,-11 19,-9 19,-14 19,-15 19,-17 19,-12 19,-11 19,-17 19,-9 12,-6 
19,-3 19,-9 19,-2 19,-4 19,-3 19,-12 18,-3 19,-11 19,-11 19,-5 13,3 19,-11 19,-11 19,-8 19,-11 19,-3 19,-12 19,-5 19,-11 19,-9 19,-11 19,-7 14,1 19,-19 19,-15 19,-14 19,-13 19,-11 12,-7 19,-17 19,-19 19,-5 19,-13 19,-10 19,-4 19,-8 
19,-1 19,-7 19,-2 19,-2 19,-1 19,-10 19,-2 19,-11 13,-3 19,-3 19,-1 19,-9 19,-9 19,-6 19,-9 19,-1 19,-10 14,2 19,-9 19,-7 19,-9 19,-5 19,-2 19,-17 19,-13 19,-12 19,-11 12,-2 19,-14 19,-15 19,-17 18,-4 19,-11 19,-10 19,-2 19,-6 
19,-3 19,-9 19,-4 19,-2 19,-3 19,-12 19,-4 19,-13 19,-11 19,-3 19,-3 13,-5 19,-11 19,-8 19,-11 14,2 19,-12 19,-5 19,-11 19,-9 19,-9 19,-7 19,-4 19,-19 12,-8 19,-14 19,-13 19,-11 19,-16 19,-17 19,-17 19,-7 18,-12 19,-12 19,-4 19,-6 
