7
1
1
28
7|8|9|10|17|23|25|31|32|33|34|35|36|39|40|41|63|64|65|66|67|69|72|73|74|87|88|91
18,-1 19,-3 19,-2 19,-1 19,-11 19,-6 19,-8 19,-1 19,-10 19,-3 13,-3 19,-6 19,-9 19,-9 19,-5 8,9 19,-6 19,-5 19,-3 19,-2 12,0 19,-10 19,-5 19,-5 19,-7 19,-13 19,-5 19,-6 
19,-2 19,-3 19,-2 19,-1 19,-11 19,-6 19,-8 19,-1 19,-10 19,-3 19,-9 19,-6 13,-3 19,-9 8,6 19,-2 19,-6 19,-5 19,-3 12,5 19,-7 19,-10 18,-4 19,-5 19,-7 19,-13 19,-5 19,-6 
19,-2 19,-3 19,-2 19,-1 19,-11 19,-6 19,-8 19,-1 19,-10 19,-3 19,-9 13,0 19,-9 8,2 19,-5 19,-2 19,-6 19,-5 12,4 19,-2 19,-7 19,-10 19,-5 18,-4 19,-7 19,-13 19,-5 19,-6 
19,-2 19,-3 19,-2 19,-1 19,-11 19,-6 13,-2 19,-1 14,-5 19,-3 19,-9 19,-6 19,-9 19,-9 19,-5 19,-2 19,-6 12,2 19,-3 19,-2 19,-7 19,-10 19,-5 19,-5 18,-6 19,-13 19,-5 19,-6 
19,-2 18,-2 19,-2 19,-1 19,-11 13,0 19,-8 14,4 19,-10 19,-3 19,-9 19,-6 19,-9 19,-9 19,-5 19,-2 12,1 19,-5 19,-3 19,-2 19,-7 19,-10 19,-5 19,-5 19,-7 19,-13 19,-5 19,-6 
19,-2 19,-3 19,-2 18,0 13,-5 19,-6 19,-8 19,-1 19,-10 14,2 19,-9 19,-6 19,-9 19,-9 19,-5 19,-2 19,-6 19,-5 19,-3 19,-2 19,-7 19,-10 19,-5 19,-5 19,-7 19,-13 19,-5 12,1 
19,-2 19,-5 18,-3 19,-3 19,-11 19,-8 19,-10 19,-3 19,-12 19,-5 19,-11 19,-8 19,-11 19,-11 19,-7 19,-4 19,-8 19,-7 19,-5 19,-4 19,-7 12,-5 19,-5 19,-5 19,-7 13,-7 14,-2 19,-8 
