6
1
1
60
130|131|132|133|134|135|16|17|18|21|22|23|36|37|38|39|168|169|170|167|166|165|48|49|50|51|52|53|54|55|56|57|58|59|60|61|62|63|70|71|81|82|83|84|85|86|92|93|94|95|96|97|98|99|109|110|111|112|113|114
70,-6 70,-7 70,-5 70,-2 70,-6 52,13 70,-5 70,-10 70,-3 70,-2 70,-1 60,5 70,-3 70,-8 70,-3 70,-8 70,-7 70,-9 55,-7 70,-6 70,-12 70,-15 70,-8 70,-2 70,-9 70,-7 70,-1 70,-8 70,-4 70,-1 70,-5 37,32 70,-4 70,-9 70,-6 70,-9 70,-1 50,15 70,-4 43,24 70,-10 70,-10 70,-3 70,-5 70,-3 69,-2 70,-1 70,-9 70,-1 70,-6 70,-5 64,4 70,-9 65,-5 70,-2 70,-7 70,-8 70,-7 70,-1 63,6 
70,-6 70,-7 70,-5 70,-2 52,12 70,-5 70,-5 70,-10 70,-3 70,-2 60,9 70,-5 70,-3 70,-8 70,-3 70,-8 70,-7 55,6 70,-22 70,-6 70,-12 70,-15 70,-8 70,-2 70,-9 70,-7 70,-1 70,-8 70,-4 70,-1 37,28 70,-1 70,-4 70,-9 70,-6 70,-9 50,19 70,-5 43,23 70,-3 70,-10 70,-10 70,-3 70,-5 69,-2 70,-3 70,-1 70,-9 70,-1 70,-6 64,1 70,-2 65,-4 70,-10 70,-2 70,-7 70,-8 70,-7 63,6 70,-1 
70,-6 70,-7 70,-5 57,11 70,-6 70,-5 70,-5 70,-10 70,-3 60,8 70,-1 70,-5 70,-3 70,-8 70,-3 48,14 64,-1 70,-9 70,-22 70,-6 70,-12 70,-15 70,-8 70,-2 70,-9 70,-7 58,11 70,-8 70,-4 64,5 70,-5 70,-1 70,-4 70,-9 70,-6 57,4 70,-1 70,-5 70,-4 70,-3 70,-10 70,-10 70,-3 69,-4 70,-3 70,-3 70,-1 70,-9 70,-1 64,0 70,-5 70,-2 70,-9 70,-10 70,-2 70,-7 70,-8 63,0 70,-1 70,-1 
70,-6 70,-7 57,8 70,-2 70,-6 70,-5 70,-5 70,-10 60,7 70,-2 70,-1 70,-5 70,-3 70,-8 48,19 70,-8 70,-7 70,-9 70,-22 64,0 70,-12 70,-15 70,-8 70,-2 70,-9 58,5 70,-1 70,-8 64,2 70,-1 70,-5 70,-1 70,-4 70,-9 57,7 70,-9 70,-1 70,-5 70,-4 70,-3 70,-10 70,-10 69,-2 70,-5 70,-3 70,-3 70,-1 70,-9 64,5 70,-6 70,-5 70,-2 70,-9 70,-10 70,-2 70,-7 63,-1 70,-7 70,-1 70,-1 
70,-6 57,6 70,-5 70,-2 70,-6 70,-5 70,-5 60,0 70,-3 70,-2 70,-1 70,-5 70,-3 48,14 70,-3 70,-8 70,-7 70,-9 70,-22 70,-6 64,-6 70,-15 70,-8 70,-2 58,3 70,-7 70,-1 64,-2 70,-4 70,-1 70,-5 70,-1 70,-4 57,4 70,-6 70,-9 70,-1 70,-5 70,-4 70,-3 70,-10 69,-9 70,-3 70,-5 70,-3 70,-3 70,-1 64,-3 70,-1 70,-6 70,-5 70,-2 70,-9 70,-10 70,-2 63,0 70,-8 70,-7 70,-1 70,-1 
48,16 70,-7 70,-5 70,-2 70,-6 70,-5 60,5 70,-10 70,-3 70,-2 70,-1 70,-5 65,2 70,-8 70,-3 70,-8 70,-7 70,-9 70,-22 70,-6 70,-12 64,-9 47,15 41,27 70,-9 70,-7 70,-1 70,-8 70,-4 70,-1 70,-5 70,-1 57,9 70,-9 70,-6 70,-9 70,-1 70,-5 70,-4 70,-3 69,-9 70,-10 70,-3 70,-5 70,-3 70,-3 64,5 70,-9 70,-1 70,-6 70,-5 70,-2 70,-9 70,-10 63,5 70,-7 70,-8 70,-7 70,-1 70,-1 
