9
1
1
36
5|6|7|9|10|11|12|17|18|19|20|21|22|23|25|31|32|33|34|35|39|40|41|62|63|64|65|66|67|68|69|73|86|87|88|91
10,-5 12,-6 12,-4 12,-3 12,-2 12,-5 12,-3 11,-12 12,-4 12,-9 12,-2 12,-2 12,-7 12,-2 12,-17 12,-7 12,-1 12,-1 12,-2 12,-11 12,-7 12,-9 12,-10 12,-12 12,-7 12,-15 12,-17 12,-15 12,-17 12,-9 8,-9 12,-12 12,-8 12,-14 7,0 12,-4 
12,-7 10,-4 12,-4 12,-3 12,-2 12,-5 12,-3 12,-13 12,-4 12,-9 12,-2 12,-2 6,-1 12,-2 12,-17 12,-7 12,-1 12,-1 7,3 12,-11 12,-7 12,-9 12,-10 12,-12 12,-7 12,-15 8,-13 12,-15 12,-17 12,-9 12,-13 12,-12 12,-8 12,-14 12,-5 12,-4 
12,-7 12,-6 10,-2 12,-3 12,-2 12,-5 12,-3 12,-13 12,-4 11,-8 12,-2 12,-2 12,-7 12,-2 12,-17 12,-7 7,4 12,-1 12,-2 12,-11 12,-7 12,-9 12,-10 12,-12 12,-7 8,-11 12,-17 12,-15 12,-17 12,-9 12,-13 12,-12 12,-8 12,-14 12,-5 12,-4 
12,-7 12,-6 12,-4 10,-1 12,-2 12,-5 12,-3 12,-13 12,-4 12,-9 12,-2 12,-2 12,-7 12,-2 12,-17 12,-7 12,-1 12,-1 12,-2 7,-6 12,-7 12,-9 12,-10 8,-8 12,-7 12,-15 12,-17 12,-15 12,-17 12,-9 12,-13 12,-12 12,-8 6,-8 12,-5 12,-4 
12,-7 12,-13 12,-11 12,-10 10,-7 12,-12 12,-10 12,-20 12,-11 12,-16 12,-9 12,-9 12,-14 12,-9 11,-16 12,-14 12,-8 12,-8 12,-9 12,-11 12,-14 7,-11 12,-17 12,-19 12,-14 12,-22 12,-17 12,-22 12,-24 8,-12 12,-20 12,-19 12,-15 12,-21 12,-12 12,-11 
12,-13 12,-6 12,-10 12,-9 12,-8 10,-9 12,-9 12,-19 12,-10 12,-15 12,-8 12,-8 12,-13 11,-7 12,-23 12,-13 12,-7 12,-7 12,-8 12,-17 7,-8 12,-15 12,-16 12,-12 12,-7 12,-15 12,-17 12,-15 12,-17 12,-9 12,-13 12,-18 12,-8 12,-20 12,-11 8,-6 
12,-11 12,-10 12,-4 12,-7 12,-6 12,-9 10,-5 12,-13 12,-8 12,-13 11,-5 12,-6 12,-11 12,-6 12,-21 12,-11 12,-5 12,-5 12,-6 12,-15 12,-11 12,-13 7,-9 12,-16 12,-11 12,-19 12,-21 12,-19 8,-13 12,-13 12,-17 12,-12 12,-12 12,-14 12,-9 12,-8 
12,-7 12,-6 12,-4 12,-3 12,-2 12,-5 12,-3 12,-13 11,-3 12,-9 12,-2 12,-2 12,-7 12,-2 12,-17 12,-7 12,-1 7,4 12,-2 12,-11 12,-7 12,-9 12,-10 12,-12 12,-7 12,-15 12,-17 8,-11 12,-17 12,-9 12,-13 10,-10 12,-8 12,-14 12,-5 12,-4 
12,-10 12,-9 12,-7 12,-3 12,-5 12,-8 12,-6 12,-16 12,-7 12,-9 12,-5 11,-4 12,-10 12,-5 12,-20 7,-5 12,-4 12,-4 12,-5 12,-14 12,-7 12,-12 12,-13 12,-15 8,-6 12,-18 12,-20 12,-18 12,-20 12,-12 12,-13 12,-15 10,-9 12,-17 12,-8 12,-4 
