7
1
1
28
7|8|9|10|17|23|25|31|32|33|34|35|36|39|40|41|63|64|65|66|67|69|72|73|74|87|88|91
10,-2 12,-6 12,-3 12,-2 12,-13 12,-2 12,-10 12,-7 12,-1 12,-1 11,-1 12,-4 12,-1 12,-7 12,-9 6,-4 12,-1 12,-9 12,-4 12,-9 8,-7 12,-7 12,-9 12,-12 12,-14 12,-20 12,-11 12,-4 
12,-4 12,-6 12,-3 12,-2 12,-13 12,-2 12,-10 12,-7 12,-1 12,-1 12,-2 12,-4 11,0 12,-7 6,-3 12,-10 12,-1 12,-9 12,-4 8,-5 12,-11 12,-7 10,-7 12,-12 12,-14 12,-20 12,-11 12,-4 
12,-4 12,-6 12,-3 12,-2 12,-13 12,-2 12,-10 12,-7 12,-1 12,-1 12,-2 11,-3 12,-1 6,-1 12,-9 12,-10 12,-1 12,-9 8,0 12,-9 12,-11 12,-7 12,-9 10,-10 12,-14 12,-20 12,-11 12,-4 
12,-4 12,-6 12,-3 12,-2 12,-13 12,-2 11,-9 12,-7 7,4 12,-1 12,-2 12,-4 12,-1 12,-7 12,-9 12,-10 12,-1 8,-5 12,-4 12,-9 12,-11 12,-7 12,-9 12,-12 10,-12 12,-20 12,-11 12,-4 
12,-4 10,-4 12,-3 12,-2 12,-13 11,-1 12,-10 7,-2 12,-1 12,-1 12,-2 12,-4 12,-1 12,-7 12,-9 12,-10 8,3 12,-9 12,-4 12,-9 12,-11 12,-7 12,-9 12,-12 12,-14 12,-20 12,-11 12,-4 
12,-4 12,-6 12,-3 10,0 11,-12 12,-2 12,-10 12,-7 12,-1 7,4 12,-2 12,-4 12,-1 12,-7 12,-9 12,-10 12,-1 12,-9 12,-4 12,-9 12,-11 12,-7 12,-9 12,-12 12,-14 12,-20 12,-11 8,0 
12,-4 12,-10 10,-5 12,-6 12,-13 12,-6 12,-14 12,-11 12,-5 12,-5 12,-6 12,-8 12,-5 12,-11 12,-13 12,-14 12,-5 12,-13 12,-8 12,-13 12,-11 8,-7 12,-9 12,-12 12,-14 11,-19 7,-10 12,-8 
