6
1
1
60
130|131|132|133|134|135|138|140|142|144|18|21|23|158|32|37|38|167|39|169|170|43|40|45|166|41|44|49|50|52|57|59|61|165|64|65|67|68|70|78|79|168|82|83|84|86|87|88|89|93|94|96|102|105|106|107|109|112|114|115
53,-4 42,7 53,-13 53,-10 53,-1 53,-9 53,-17 53,-7 53,-10 53,-11 42,7 53,-9 53,-7 53,-10 48,1 53,-4 53,-8 41,-2 53,-10 53,-1 53,-5 53,-4 53,-2 44,7 53,-6 53,-1 53,-5 53,-3 53,-4 45,2 53,-2 53,-2 53,-7 53,-7 32,17 53,-2 53,-7 53,-5 53,-2 53,-8 53,-6 53,-10 51,-4 53,-6 53,-10 53,-5 52,-2 53,-6 53,-6 53,-1 53,-8 53,-9 53,-4 53,-5 53,-2 53,-10 53,-2 49,-3 53,-2 53,-3 
53,-4 53,-4 53,-13 53,-10 53,-1 37,7 53,-17 53,-7 53,-10 37,5 53,-4 44,0 53,-7 53,-10 53,-4 36,13 53,-8 53,-14 53,-10 48,4 53,-5 53,-4 53,-2 53,-2 53,-6 53,-1 53,-5 53,-3 53,-4 53,-6 34,17 27,24 53,-7 53,-7 53,-4 53,-2 53,-7 53,-5 53,-2 53,-8 53,-6 53,-10 53,-6 53,-6 53,-10 51,-3 53,-3 52,-5 53,-6 53,-1 53,-8 53,-9 53,-4 53,-5 53,-2 49,-6 53,-2 53,-7 53,-2 53,-3 
53,-4 53,-4 53,-13 53,-10 37,15 53,-9 53,-17 53,-7 53,-10 53,-11 53,-4 53,-9 42,4 53,-10 53,-4 53,-4 39,6 53,-14 53,-10 53,-1 48,0 32,17 53,-2 53,-2 53,-6 53,-1 53,-5 53,-3 53,-4 53,-6 53,-2 53,-2 44,2 53,-7 53,-4 53,-2 53,-7 36,12 53,-2 51,-6 53,-6 53,-10 53,-6 53,-6 53,-10 53,-5 53,-3 53,-6 53,-6 52,0 53,-8 53,-9 53,-4 53,-5 53,-2 53,-10 49,2 53,-7 53,-2 53,-3 
53,-4 53,-4 53,-13 40,3 53,-1 53,-9 53,-17 53,-7 42,1 53,-11 53,-4 53,-9 53,-7 53,-10 53,-4 53,-4 53,-8 53,-14 44,-1 53,-1 53,-5 53,-4 25,26 53,-2 41,6 53,-1 53,-5 53,-3 53,-4 53,-6 53,-2 53,-2 53,-7 53,-7 53,-4 39,12 53,-7 53,-5 53,-2 53,-8 51,-4 53,-10 53,-6 53,-6 53,-10 53,-5 53,-3 53,-6 53,-6 53,-1 53,-8 52,-8 53,-4 53,-5 53,-2 53,-10 53,-2 53,-7 49,2 49,1 
53,-4 53,-4 42,-2 53,-10 53,-1 53,-9 53,-17 42,4 53,-10 53,-11 53,-4 53,-9 53,-7 48,-5 53,-4 53,-4 53,-8 53,-14 53,-10 53,-1 53,-5 53,-4 53,-2 53,-2 53,-6 44,8 53,-5 45,5 53,-4 53,-6 53,-2 53,-2 53,-7 41,5 53,-4 53,-2 53,-7 53,-5 32,19 53,-8 53,-6 53,-10 53,-6 53,-6 51,-8 53,-5 53,-3 53,-6 52,-5 53,-1 53,-8 53,-9 53,-4 49,-1 53,-2 53,-10 53,-2 53,-7 53,-2 53,-3 
42,7 53,-4 53,-13 53,-10 53,-1 53,-9 42,-6 53,-7 53,-10 53,-11 53,-4 53,-9 53,-7 53,-10 53,-4 53,-4 53,-8 53,-14 53,-10 53,-1 53,-5 53,-4 53,-2 53,-2 53,-6 53,-1 44,4 53,-3 45,4 53,-6 53,-2 53,-2 53,-7 53,-7 53,-4 53,-2 32,14 53,-5 53,-2 53,-8 53,-6 41,2 53,-6 51,-4 53,-10 53,-5 53,-3 53,-6 53,-6 53,-1 52,-7 53,-9 48,1 53,-5 49,2 53,-10 53,-2 53,-7 53,-2 53,-3 
