6
1
1
60
130|131|132|133|134|135|16|17|18|21|22|23|36|37|38|39|168|169|170|167|166|165|48|49|50|51|52|53|54|55|56|57|58|59|60|61|62|63|70|71|81|82|83|84|85|86|92|93|94|95|96|97|98|99|109|110|111|112|113|114
53,-4 53,-4 53,-9 53,-10 53,-1 37,7 53,-9 53,-4 53,-4 53,-9 53,-3 42,4 53,-8 53,-4 53,-8 53,-10 53,-14 53,-10 48,-4 53,-16 53,-15 53,-14 53,-7 53,-3 53,-4 53,-5 53,-6 53,-9 53,-4 53,-6 53,-1 23,28 53,-4 53,-2 53,-1 53,-7 53,-6 35,11 53,-2 25,23 53,-2 53,-6 53,-6 53,-10 53,-4 51,-3 53,-10 53,-1 53,-8 53,-6 53,-9 52,-3 53,-8 48,-2 53,-2 53,-8 53,-3 53,-7 53,-5 49,2 
53,-4 53,-4 53,-9 53,-10 37,15 53,-9 53,-9 53,-4 53,-4 53,-9 42,8 53,-7 53,-8 53,-4 53,-8 53,-10 53,-14 48,-5 53,-9 53,-16 53,-15 53,-14 53,-7 53,-3 53,-4 53,-5 53,-6 53,-9 53,-4 53,-6 23,29 53,-2 53,-4 53,-2 53,-1 53,-7 35,12 53,-7 25,26 53,-5 53,-2 53,-6 53,-6 53,-10 51,-2 53,-5 53,-10 53,-1 53,-8 53,-6 52,-8 53,-4 48,-3 53,-7 53,-2 53,-8 53,-3 53,-7 49,-1 53,-2 
53,-4 53,-4 53,-9 51,-8 53,-1 53,-9 53,-9 53,-4 53,-4 42,2 53,-3 53,-7 53,-8 53,-4 53,-8 36,7 41,-2 53,-10 53,-9 53,-16 53,-15 53,-14 53,-7 53,-3 53,-4 53,-5 49,-2 53,-9 53,-4 51,-4 53,-1 53,-2 53,-4 53,-2 53,-1 37,9 53,-6 53,-7 53,-2 53,-5 53,-2 53,-6 53,-6 51,-8 53,-4 53,-5 53,-10 53,-1 53,-8 52,-5 53,-9 53,-4 53,-8 53,-7 53,-2 53,-8 53,-3 49,-3 53,-5 53,-2 
53,-4 53,-4 51,-7 53,-10 53,-1 53,-9 53,-9 53,-4 42,7 53,-9 53,-3 53,-7 53,-8 53,-4 36,9 53,-10 53,-14 53,-10 53,-9 41,-4 53,-15 53,-14 53,-7 53,-3 53,-4 49,-1 53,-6 53,-9 51,-2 53,-6 53,-1 53,-2 53,-4 53,-2 37,15 53,-7 53,-6 53,-7 53,-2 53,-5 53,-2 53,-6 51,-4 53,-10 53,-4 53,-5 53,-10 53,-1 52,-7 53,-6 53,-9 53,-4 53,-8 53,-7 53,-2 53,-8 49,1 53,-7 53,-5 53,-2 
53,-4 51,-2 53,-9 53,-10 53,-1 53,-9 53,-9 42,7 53,-4 53,-9 53,-3 53,-7 53,-8 36,13 53,-8 53,-10 53,-14 53,-10 53,-9 53,-16 41,-3 53,-14 53,-7 53,-3 49,0 53,-5 53,-6 51,-7 53,-4 53,-6 53,-1 53,-2 53,-4 37,14 53,-1 53,-7 53,-6 53,-7 53,-2 53,-5 53,-2 51,-4 53,-6 53,-10 53,-4 53,-5 53,-10 52,0 53,-8 53,-6 53,-9 53,-4 53,-8 53,-7 53,-2 49,-4 53,-3 53,-7 53,-5 53,-2 
34,15 53,-4 53,-9 53,-10 53,-1 53,-9 42,2 53,-4 53,-4 53,-9 53,-3 53,-7 48,-3 53,-4 53,-8 53,-10 53,-14 53,-10 53,-9 53,-16 53,-15 41,-2 39,7 30,20 53,-4 53,-5 53,-6 53,-9 53,-4 53,-6 53,-1 53,-2 37,12 53,-2 53,-1 53,-7 53,-6 53,-7 53,-2 53,-5 51,0 53,-6 53,-6 53,-10 53,-4 53,-5 52,-9 53,-1 53,-8 53,-6 53,-9 53,-4 53,-8 53,-7 49,2 53,-8 53,-3 53,-7 53,-5 53,-2 
