21
1
1
126
13|14|15|17|18|19|20|21|22|24|25|26|28|30|44|50|51|52|55|57|67|68|69|73|82|83|84|85|87|98|99|100|101|102|103|104|105|106|111|112|130|131|135|143|148|149|150|154|155|156|163|165|166|168|169|171|172|173|175|176|177|178|179|180|182|183|185|186|187|190|207|215|219|225|227|236|237|238|239|240|241|242|243|244|245|246|247|248|249|252|254|256|268|269|270|272|273|277|278|279|280|281|299|300|301|302|303|304|305|306|307|308|309|313|314|384|386|387|404|405|406|408|417|419|420|421
39,2 42,-4 42,-1 42,-7 42,-4 42,-4 42,-9 42,-10 42,-1 28,10 42,-9 42,-7 42,-8 42,-5 42,-10 42,-6 42,-4 42,-3 42,-2 37,-2 42,-10 42,-2 42,-7 42,-7 42,-8 42,-9 42,-5 42,-6 42,-10 42,-2 42,-1 42,-4 42,-5 42,-2 42,-4 42,-2 42,-7 42,-5 42,-5 42,-6 42,-13 42,-2 42,-2 26,10 42,-13 42,-8 42,-17 42,-9 42,-6 42,-6 42,-6 42,-9 42,-3 42,-7 42,-17 42,-11 42,-13 42,-16 42,-14 42,-9 42,-13 42,-13 42,-17 42,-9 42,-20 42,-22 42,-11 42,-6 42,-17 42,-14 42,-19 42,-20 42,-15 42,-12 42,-10 42,-8 42,-6 42,-3 42,-6 42,-8 42,-9 42,-6 42,-14 16,9 42,-13 42,-8 42,-8 42,-10 42,-6 42,-17 42,-16 42,-16 42,-15 42,-20 42,-5 42,-2 42,-11 42,-10 42,-1 42,-3 42,-16 42,-15 42,-8 42,-12 42,-7 42,-6 42,-7 42,-8 42,-7 42,-14 29,3 42,-14 42,-13 42,-4 42,-11 42,-10 42,-9 42,-14 42,-6 42,-4 42,-8 42,-3 42,-14 42,-8 42,-14 42,-19 
42,-1 37,1 42,-1 42,-7 42,-4 42,-4 42,-9 42,-10 42,-1 42,-4 42,-9 42,-7 42,-8 42,-5 42,-10 42,-6 42,-4 42,-3 42,-2 42,-7 42,-10 42,-2 42,-7 42,-7 42,-8 16,17 42,-5 42,-6 42,-10 42,-2 42,-1 42,-4 42,-5 42,-2 42,-4 42,-2 42,-7 42,-5 42,-5 33,3 42,-13 42,-2 42,-2 42,-6 42,-13 42,-8 42,-17 42,-9 42,-6 42,-6 42,-6 42,-9 42,-3 42,-7 42,-17 42,-11 42,-13 42,-16 42,-14 42,-9 42,-13 42,-13 42,-17 42,-9 42,-20 42,-22 42,-11 42,-6 42,-17 42,-14 42,-19 42,-20 42,-15 42,-12 42,-10 42,-8 42,-6 42,-3 42,-6 42,-8 42,-9 42,-6 11,17 42,-17 42,-13 42,-8 42,-8 15,17 42,-6 42,-17 42,-16 42,-16 42,-15 42,-20 42,-5 42,-2 42,-11 42,-10 42,-1 42,-3 42,-16 42,-15 42,-8 42,-12 42,-7 42,-6 42,-7 42,-8 42,-7 42,-14 42,-10 42,-14 42,-13 42,-4 42,-11 42,-10 42,-9 42,-14 42,-6 42,-4 42,-8 42,-3 42,-14 42,-8 42,-14 37,-14 
42,-1 42,-4 39,2 42,-7 42,-4 42,-4 42,-9 42,-10 42,-1 42,-4 42,-9 42,-7 42,-8 42,-5 42,-10 42,-6 42,-4 42,-3 37,3 42,-7 42,-10 42,-2 42,-7 42,-7 42,-8 42,-9 42,-5 42,-6 28,4 42,-2 42,-1 42,-4 42,-5 42,-2 42,-4 42,-2 42,-7 42,-5 42,-5 42,-6 42,-13 42,-2 42,-2 42,-6 42,-13 42,-8 42,-17 42,-9 42,-6 42,-6 42,-6 42,-9 42,-3 42,-7 42,-17 42,-11 42,-13 42,-16 42,-14 42,-9 42,-13 42,-13 42,-17 42,-9 42,-20 42,-22 42,-11 42,-6 42,-17 42,-14 26,-3 42,-20 42,-15 42,-12 42,-10 42,-8 42,-6 42,-3 42,-6 42,-8 42,-9 42,-6 42,-14 42,-17 42,-13 16,18 42,-8 42,-10 42,-6 42,-17 42,-16 42,-16 42,-15 42,-20 42,-5 42,-2 42,-11 42,-10 42,-1 42,-3 42,-16 42,-15 42,-8 42,-12 42,-7 42,-6 42,-7 42,-8 22,13 42,-14 42,-10 42,-14 42,-13 42,-4 42,-11 42,-10 42,-9 42,-14 42,-6 42,-4 42,-8 42,-3 42,-14 42,-8 42,-14 42,-19 
42,-1 42,-4 42,-1 37,-2 42,-4 42,-4 42,-9 42,-10 42,-1 42,-4 42,-9 42,-7 42,-8 42,-5 42,-10 42,-6 42,-4 42,-3 42,-2 42,-7 42,-10 42,-2 42,-7 42,-7 16,18 42,-9 42,-5 42,-6 42,-10 42,-2 42,-1 42,-4 42,-5 42,-2 42,-4 42,-2 42,-7 42,-5 42,-5 42,-6 33,-4 42,-2 42,-2 42,-6 42,-13 42,-8 42,-17 42,-9 42,-6 42,-6 42,-6 42,-9 42,-3 42,-7 42,-17 42,-11 42,-13 42,-16 42,-14 42,-9 42,-13 42,-13 42,-17 42,-9 42,-20 42,-22 42,-11 42,-6 42,-17 42,-14 42,-19 42,-20 42,-15 42,-12 42,-10 42,-8 42,-6 42,-3 42,-6 42,-8 11,22 42,-6 42,-14 42,-17 42,-13 42,-8 42,-8 42,-10 15,21 42,-17 42,-16 42,-16 42,-15 42,-20 42,-5 42,-2 42,-11 42,-10 42,-1 42,-3 42,-16 42,-15 42,-8 42,-12 42,-7 42,-6 42,-7 42,-8 42,-7 42,-14 42,-10 42,-14 42,-13 42,-4 42,-11 42,-10 42,-9 42,-14 42,-6 42,-4 42,-8 42,-3 38,-10 42,-8 42,-14 42,-19 
42,-1 42,-4 42,-1 42,-7 37,1 42,-4 42,-9 42,-10 42,-1 42,-4 42,-9 42,-7 42,-8 42,-5 42,-10 42,-6 42,-4 42,-3 42,-2 42,-7 42,-10 15,25 42,-7 42,-7 42,-8 42,-9 42,-5 42,-6 42,-10 42,-2 42,-1 42,-4 42,-5 42,-2 42,-4 42,-2 42,-7 42,-5 42,-5 42,-6 42,-13 42,-2 42,-2 42,-6 42,-13 42,-8 42,-17 42,-9 42,-6 16,20 42,-6 42,-9 42,-3 42,-7 42,-17 42,-11 42,-13 42,-16 42,-14 42,-9 42,-13 42,-13 42,-17 42,-9 42,-20 42,-22 42,-11 42,-6 42,-17 42,-14 42,-19 42,-20 42,-15 42,-12 42,-10 42,-8 42,-6 42,-3 42,-6 11,23 42,-9 42,-6 42,-14 42,-17 42,-13 42,-8 42,-8 42,-10 42,-6 42,-17 42,-16 42,-16 42,-15 42,-20 42,-5 42,-2 42,-11 42,-10 42,-1 42,-3 42,-16 42,-15 42,-8 42,-12 42,-7 42,-6 42,-7 42,-8 42,-7 42,-14 42,-10 42,-14 42,-13 42,-4 33,-2 42,-10 42,-9 42,-14 42,-6 42,-4 42,-8 37,2 42,-14 42,-8 42,-14 42,-19 
42,-1 42,-4 42,-1 42,-7 42,-4 28,10 42,-9 42,-10 42,-1 42,-4 42,-9 42,-7 42,-8 42,-5 42,-10 42,-6 42,-4 42,-3 42,-2 42,-7 42,-10 42,-2 42,-7 42,-7 42,-8 42,-9 42,-5 42,-6 42,-10 42,-2 42,-1 42,-4 42,-5 42,-2 42,-4 42,-2 42,-7 42,-5 42,-5 42,-6 42,-13 42,-2 42,-2 42,-6 42,-13 42,-8 42,-17 42,-9 42,-6 42,-6 42,-6 42,-9 42,-3 42,-7 42,-17 42,-11 42,-13 42,-16 42,-14 42,-9 42,-13 42,-13 42,-17 42,-9 39,-17 42,-22 42,-11 42,-6 42,-17 42,-14 42,-19 42,-20 42,-15 42,-12 42,-10 42,-8 42,-6 42,-3 42,-6 42,-8 42,-9 16,20 42,-14 42,-17 42,-13 42,-8 42,-8 42,-10 42,-6 42,-17 42,-16 26,0 42,-15 42,-20 42,-5 42,-2 42,-11 42,-10 42,-1 42,-3 42,-16 42,-15 20,14 42,-12 42,-7 42,-6 42,-7 42,-8 42,-7 42,-14 42,-10 42,-14 42,-13 42,-4 42,-11 42,-10 42,-9 42,-14 42,-6 42,-4 42,-8 42,-3 42,-14 42,-8 31,-3 42,-19 
42,-1 42,-4 42,-1 42,-7 42,-4 42,-4 28,5 42,-10 42,-1 42,-4 42,-9 42,-7 42,-8 42,-5 42,-10 42,-6 42,-4 42,-3 42,-2 42,-7 42,-10 42,-2 42,-7 42,-7 42,-8 42,-9 42,-5 42,-6 42,-10 42,-2 42,-1 42,-4 42,-5 42,-2 42,-4 42,-2 42,-7 42,-5 42,-5 42,-6 42,-13 42,-2 42,-2 42,-6 37,-8 42,-8 42,-17 42,-9 42,-6 42,-6 42,-6 42,-9 42,-3 42,-7 42,-17 42,-11 42,-13 42,-16 42,-14 42,-9 42,-13 42,-13 42,-17 42,-9 42,-20 42,-22 42,-11 42,-6 42,-17 42,-14 42,-19 42,-20 42,-15 42,-12 42,-10 42,-8 42,-6 42,-3 42,-6 42,-8 42,-9 42,-6 42,-14 42,-17 42,-13 42,-8 16,18 42,-10 42,-6 42,-17 42,-16 42,-16 42,-15 42,-20 42,-5 33,7 42,-11 42,-10 42,-1 42,-3 42,-16 42,-15 42,-8 42,-12 42,-7 42,-6 34,1 42,-8 42,-7 42,-14 42,-10 42,-14 42,-13 42,-4 42,-11 26,6 42,-9 42,-14 42,-6 42,-4 42,-8 42,-3 42,-14 42,-8 42,-14 42,-19 
42,-1 42,-4 42,-1 42,-7 42,-4 42,-4 42,-9 15,17 42,-1 42,-4 42,-9 42,-7 42,-8 42,-5 42,-10 42,-6 42,-4 42,-3 42,-2 42,-7 42,-10 42,-2 42,-7 42,-7 42,-8 42,-9 42,-5 42,-6 42,-10 42,-2 42,-1 35,3 42,-5 42,-2 42,-4 42,-2 42,-7 42,-5 42,-5 42,-6 42,-13 33,7 42,-2 42,-6 42,-13 42,-8 42,-17 42,-9 42,-6 42,-6 42,-6 42,-9 42,-3 42,-7 19,6 42,-11 42,-13 42,-16 42,-14 42,-9 42,-13 42,-13 42,-17 29,4 42,-20 42,-22 42,-11 42,-6 42,-17 42,-14 42,-19 42,-20 26,1 42,-12 42,-10 42,-8 42,-6 42,-3 42,-6 42,-8 42,-9 42,-6 42,-14 42,-17 42,-13 42,-8 42,-8 42,-10 42,-6 42,-17 42,-16 42,-16 42,-15 42,-20 42,-5 42,-2 42,-11 42,-10 42,-1 42,-3 42,-16 42,-15 42,-8 42,-12 42,-7 42,-6 42,-7 42,-8 42,-7 42,-14 42,-10 42,-14 42,-13 42,-4 42,-11 42,-10 42,-9 42,-14 42,-6 42,-4 42,-8 42,-3 42,-14 42,-8 42,-14 42,-19 
42,-1 42,-4 42,-1 42,-7 42,-4 42,-4 42,-9 42,-10 22,19 42,-4 42,-9 42,-7 42,-8 42,-5 42,-10 42,-6 42,-4 42,-3 42,-2 42,-7 42,-10 42,-2 42,-7 42,-7 42,-8 42,-9 42,-5 42,-6 42,-10 42,-2 34,7 42,-4 42,-5 42,-2 42,-4 42,-2 42,-7 42,-5 33,4 42,-6 42,-13 42,-2 33,7 42,-6 42,-13 42,-8 42,-17 42,-9 42,-6 42,-6 42,-6 42,-9 18,21 42,-7 42,-17 42,-11 42,-13 42,-16 42,-14 42,-9 42,-13 42,-13 42,-17 42,-9 42,-20 42,-22 42,-11 42,-6 42,-17 42,-14 42,-19 42,-20 42,-15 42,-12 42,-10 42,-8 42,-6 42,-3 42,-6 42,-8 42,-9 42,-6 42,-14 42,-17 42,-13 42,-8 42,-8 42,-10 42,-6 42,-17 42,-16 42,-16 42,-15 42,-20 42,-5 42,-2 42,-11 42,-10 42,-1 42,-3 29,-3 42,-15 42,-8 42,-12 42,-7 42,-6 42,-7 42,-8 42,-7 42,-14 42,-10 42,-14 42,-13 42,-4 42,-11 42,-10 42,-9 42,-14 42,-6 42,-4 42,-8 42,-3 42,-14 42,-8 42,-14 42,-19 
42,-1 42,-4 42,-1 42,-7 42,-4 42,-4 42,-9 42,-10 42,-1 42,-4 28,5 42,-7 42,-8 42,-5 42,-10 42,-6 42,-4 42,-3 42,-2 42,-7 42,-10 42,-2 42,-7 42,-7 42,-8 42,-9 42,-5 42,-6 42,-10 42,-2 42,-1 42,-4 42,-5 42,-2 42,-4 42,-2 42,-7 42,-5 42,-5 42,-6 42,-13 42,-2 42,-2 42,-6 42,-13 42,-8 42,-17 42,-9 42,-6 42,-6 42,-6 42,-9 42,-3 42,-7 42,-17 42,-11 42,-13 42,-16 42,-14 42,-9 42,-13 42,-13 42,-17 42,-9 42,-20 39,-19 42,-11 42,-6 42,-17 42,-14 42,-19 42,-20 42,-15 42,-12 26,6 42,-8 42,-6 42,-3 42,-6 42,-8 42,-9 42,-6 42,-14 42,-17 16,13 42,-8 42,-8 42,-10 42,-6 42,-17 42,-16 42,-16 42,-15 42,-20 42,-5 42,-2 42,-11 42,-10 42,-1 42,-3 42,-16 42,-15 42,-8 42,-12 42,-7 42,-6 42,-7 28,6 42,-7 42,-14 42,-10 42,-14 42,-13 42,-4 42,-11 42,-10 42,-9 42,-14 42,-6 42,-4 31,3 42,-3 42,-14 42,-8 42,-14 42,-19 
42,-1 42,-4 42,-1 42,-7 42,-4 42,-4 42,-9 42,-10 42,-1 42,-4 42,-9 23,12 42,-8 42,-5 42,-10 42,-6 42,-4 42,-3 42,-2 42,-7 42,-10 42,-2 42,-7 26,9 42,-8 42,-9 42,-5 42,-6 42,-10 34,6 42,-1 42,-4 42,-5 42,-2 42,-4 42,-2 42,-7 42,-5 42,-5 42,-6 42,-13 42,-2 42,-2 42,-6 42,-13 42,-8 42,-17 42,-9 42,-6 42,-6 23,13 42,-9 42,-3 42,-7 42,-17 42,-11 42,-13 42,-16 42,-14 42,-9 42,-13 42,-13 29,-4 42,-9 42,-20 42,-22 42,-11 42,-6 42,-17 42,-14 42,-19 42,-20 42,-15 42,-12 42,-10 42,-8 42,-6 42,-3 42,-6 42,-8 42,-9 42,-6 42,-14 42,-17 42,-13 42,-8 42,-8 42,-10 42,-6 42,-17 42,-16 42,-16 42,-15 42,-20 42,-5 42,-2 42,-11 42,-10 42,-1 42,-3 42,-16 42,-15 42,-8 33,-3 42,-7 42,-6 42,-7 42,-8 42,-7 42,-14 42,-10 42,-14 42,-13 42,-4 42,-11 42,-10 42,-9 42,-14 42,-6 42,-4 42,-8 42,-3 42,-14 42,-8 42,-14 42,-19 
42,-1 42,-4 42,-1 42,-7 42,-4 42,-4 42,-9 42,-10 42,-1 42,-4 42,-9 42,-7 22,12 42,-5 42,-10 42,-6 42,-4 42,-3 42,-2 42,-7 42,-10 42,-2 42,-7 42,-7 42,-8 42,-9 42,-5 42,-6 42,-10 42,-2 42,-1 42,-4 42,-5 42,-2 42,-4 42,-2 42,-7 35,2 42,-5 42,-6 42,-13 42,-2 42,-2 42,-6 42,-13 42,-8 33,-8 42,-9 42,-6 42,-6 42,-6 42,-9 42,-3 42,-7 42,-17 42,-11 19,10 42,-16 42,-14 42,-9 42,-13 42,-13 42,-17 42,-9 42,-20 42,-22 42,-11 42,-6 42,-17 42,-14 42,-19 42,-20 42,-15 33,-3 42,-10 42,-8 42,-6 42,-3 42,-6 42,-8 42,-9 42,-6 42,-14 42,-17 42,-13 42,-8 42,-8 42,-10 42,-6 42,-17 42,-16 42,-16 42,-15 42,-20 42,-5 42,-2 42,-11 42,-10 29,12 42,-3 42,-16 42,-15 42,-8 42,-12 42,-7 42,-6 42,-7 42,-8 42,-7 42,-14 42,-10 42,-14 42,-13 42,-4 42,-11 42,-10 42,-9 42,-14 42,-6 42,-4 42,-8 42,-3 42,-14 42,-8 42,-14 42,-19 
42,-1 42,-5 42,-2 42,-8 42,-5 42,-5 42,-10 42,-11 42,-2 42,-5 42,-10 42,-8 42,-9 30,6 42,-11 42,-7 42,-5 42,-4 42,-3 42,-8 42,-11 42,-3 42,-8 42,-8 42,-9 42,-10 42,-6 42,-7 42,-11 42,-3 42,-2 42,-5 42,-6 42,-3 35,2 42,-3 42,-8 42,-6 42,-6 42,-7 42,-13 42,-2 42,-2 42,-7 42,-14 42,-9 42,-18 42,-10 42,-7 42,-7 42,-7 18,14 42,-4 42,-8 42,-18 42,-12 42,-14 42,-17 42,-15 42,-10 33,-5 42,-14 42,-18 42,-10 42,-21 42,-23 42,-12 42,-7 42,-18 42,-15 42,-20 42,-21 42,-16 42,-13 42,-11 42,-9 42,-7 42,-4 42,-7 42,-9 42,-10 42,-7 42,-15 42,-18 42,-14 42,-9 42,-9 42,-11 42,-7 42,-18 33,-8 42,-17 42,-16 42,-21 42,-6 42,-3 42,-12 42,-11 42,-2 42,-4 42,-17 29,-3 42,-9 42,-13 42,-8 42,-7 42,-8 42,-9 42,-8 42,-15 42,-11 42,-15 42,-14 42,-4 42,-12 42,-11 42,-10 42,-15 42,-7 42,-5 42,-9 42,-4 42,-15 42,-9 42,-15 42,-20 
42,-5 42,-4 42,-5 42,-11 42,-8 42,-8 42,-13 42,-14 42,-5 42,-8 42,-13 42,-11 42,-12 42,-9 15,13 42,-10 42,-8 42,-7 42,-6 42,-11 42,-14 42,-6 42,-11 42,-11 42,-12 42,-13 16,17 42,-10 42,-14 42,-6 42,-5 42,-8 42,-9 42,-6 42,-8 42,-6 42,-11 42,-9 42,-9 42,-10 42,-17 42,-6 42,-6 42,-6 42,-13 42,-8 42,-21 42,-13 42,-10 42,-10 42,-10 42,-13 42,-7 42,-11 42,-21 42,-15 42,-17 42,-20 42,-18 42,-13 42,-17 37,-12 42,-21 42,-13 42,-24 42,-26 42,-15 42,-10 42,-21 42,-18 42,-23 42,-24 42,-19 42,-16 42,-14 11,19 42,-10 42,-7 42,-10 42,-12 42,-13 42,-10 42,-18 42,-21 42,-17 42,-12 42,-12 42,-14 42,-10 42,-21 42,-20 42,-20 42,-19 42,-24 42,-9 42,-6 37,-10 42,-14 42,-5 42,-7 42,-20 42,-19 42,-12 42,-16 42,-11 42,-10 42,-11 42,-12 42,-11 42,-18 42,-14 42,-18 38,-13 42,-8 42,-11 42,-14 42,-13 42,-18 42,-10 42,-8 42,-12 42,-7 42,-18 42,-12 42,-18 42,-23 
42,-2 42,-5 42,-1 42,-8 42,-5 42,-5 42,-10 42,-11 42,-2 42,-5 42,-10 42,-8 42,-9 42,-6 42,-11 22,13 42,-5 42,-4 42,-3 42,-8 42,-11 42,-3 42,-8 42,-8 42,-9 42,-10 42,-6 42,-7 42,-11 42,-3 42,-2 42,-5 42,-6 42,-3 42,-5 34,5 42,-8 42,-6 42,-6 42,-7 42,-14 42,-3 42,-3 42,-7 42,-14 42,-9 42,-17 42,-9 42,-6 42,-6 42,-7 42,-10 42,-4 19,15 42,-18 42,-12 42,-14 42,-17 42,-15 42,-10 42,-14 42,-14 42,-18 42,-10 42,-21 42,-23 42,-12 42,-7 30,-6 42,-15 42,-20 42,-20 42,-16 42,-13 42,-11 42,-9 42,-7 42,-4 42,-7 42,-9 42,-10 42,-7 42,-15 42,-18 42,-14 42,-9 42,-9 42,-11 42,-7 42,-18 42,-17 42,-17 42,-16 42,-21 42,-6 42,-3 42,-12 29,2 42,-2 42,-4 42,-17 42,-16 42,-9 42,-13 42,-8 42,-7 42,-8 42,-9 42,-8 42,-15 42,-11 42,-15 42,-14 33,4 42,-12 42,-11 42,-10 42,-15 42,-7 42,-5 42,-9 42,-4 42,-15 42,-9 42,-15 42,-20 
42,-1 42,-4 42,-1 42,-7 42,-4 42,-4 42,-9 42,-10 42,-1 42,-4 42,-9 42,-7 42,-8 42,-5 42,-10 42,-6 26,12 42,-3 42,-2 42,-7 42,-10 42,-2 42,-7 42,-7 42,-8 42,-9 42,-5 42,-6 42,-10 42,-2 42,-1 42,-4 42,-5 42,-2 42,-4 42,-2 42,-7 42,-5 42,-5 42,-6 42,-13 42,-2 42,-2 42,-6 42,-13 42,-8 42,-17 42,-9 28,8 42,-6 42,-6 42,-9 42,-3 42,-7 42,-17 42,-11 42,-13 42,-16 42,-14 42,-9 42,-13 42,-13 42,-17 42,-9 42,-20 42,-22 42,-11 42,-6 42,-17 42,-14 42,-19 42,-20 42,-15 42,-12 42,-10 42,-8 42,-6 42,-3 13,23 42,-8 42,-9 42,-6 42,-14 42,-17 42,-13 42,-8 42,-8 42,-10 42,-6 42,-17 42,-16 42,-16 42,-15 39,-17 42,-5 42,-2 42,-11 42,-10 42,-1 42,-3 42,-16 42,-15 42,-8 42,-12 33,2 42,-6 42,-7 42,-8 42,-7 42,-14 42,-10 42,-14 42,-13 42,-4 42,-11 42,-10 42,-9 42,-14 42,-6 37,1 42,-8 42,-3 42,-14 42,-8 42,-14 42,-19 
42,-8 42,-11 42,-8 42,-7 42,-11 42,-11 42,-16 42,-17 42,-8 42,-11 42,-16 42,-14 42,-15 42,-12 42,-17 42,-13 42,-11 15,17 42,-9 42,-14 42,-17 42,-9 42,-14 42,-14 42,-15 42,-16 42,-12 16,13 42,-17 42,-9 42,-8 42,-11 42,-12 42,-9 42,-11 42,-9 42,-14 42,-12 42,-12 42,-13 42,-20 42,-9 42,-9 42,-13 42,-20 33,-6 42,-24 42,-16 42,-13 42,-13 42,-13 42,-16 42,-10 42,-14 42,-24 42,-11 42,-13 42,-16 42,-14 42,-9 42,-13 42,-13 42,-17 42,-16 42,-27 42,-29 42,-18 42,-13 42,-24 42,-21 42,-26 42,-27 42,-22 42,-19 42,-17 42,-15 11,18 42,-10 42,-13 42,-15 42,-16 42,-13 42,-21 42,-24 42,-20 42,-15 42,-15 42,-17 42,-13 42,-24 42,-23 42,-23 42,-22 42,-27 37,-7 42,-9 42,-18 42,-17 42,-8 42,-10 42,-23 42,-22 42,-15 42,-19 42,-14 42,-13 42,-14 42,-15 42,-14 42,-21 42,-17 42,-21 42,-20 42,-11 42,-18 42,-17 42,-16 42,-21 42,-13 42,-11 42,-15 42,-10 42,-14 38,-11 42,-21 42,-26 
42,-5 42,-8 42,-5 42,-11 42,-4 42,-8 42,-13 42,-14 42,-5 42,-8 42,-13 42,-11 42,-12 42,-9 42,-14 42,-10 42,-8 42,-7 42,-6 42,-11 22,6 42,-6 42,-11 42,-11 42,-12 42,-13 42,-9 42,-10 42,-14 42,-6 42,-5 42,-8 34,-1 42,-6 42,-8 42,-6 42,-11 42,-9 42,-9 42,-10 42,-17 42,-6 42,-6 42,-10 42,-17 42,-12 42,-21 42,-13 42,-10 42,-10 42,-10 42,-13 42,-7 42,-11 42,-21 42,-15 42,-17 42,-20 19,5 42,-13 42,-17 42,-17 42,-21 42,-9 42,-20 42,-22 30,1 42,-6 42,-17 42,-18 42,-23 42,-24 42,-19 42,-16 42,-14 42,-12 42,-10 42,-7 42,-10 42,-12 42,-13 42,-10 42,-18 42,-21 42,-17 42,-12 42,-12 42,-14 42,-10 42,-21 42,-20 42,-20 42,-19 42,-24 42,-9 42,-6 42,-15 42,-14 42,-5 42,-7 42,-20 42,-19 42,-12 42,-16 42,-11 42,-10 42,-11 42,-12 42,-11 42,-18 42,-14 33,-9 42,-17 42,-8 42,-15 42,-14 42,-13 29,-5 42,-10 42,-8 42,-12 42,-7 42,-18 42,-12 42,-18 42,-23 
42,-5 42,-8 42,-5 42,-11 42,-8 42,-4 42,-13 42,-14 42,-5 42,-8 42,-13 42,-11 42,-12 42,-9 42,-14 42,-10 42,-8 42,-7 42,-6 42,-11 42,-14 42,-6 33,-2 42,-11 42,-12 42,-13 42,-9 42,-10 42,-14 42,-6 42,-5 42,-8 42,-9 34,2 42,-8 42,-6 42,-11 42,-9 42,-9 42,-10 42,-17 42,-6 42,-6 42,-10 42,-17 42,-12 42,-21 42,-13 42,-10 42,-10 42,-10 42,-13 42,-7 42,-11 42,-21 42,-15 42,-17 25,-3 42,-18 42,-13 42,-17 42,-17 42,-21 42,-13 42,-24 42,-26 42,-15 30,2 42,-21 42,-14 42,-23 42,-24 42,-15 42,-16 42,-14 42,-12 42,-10 42,-7 42,-10 42,-12 42,-13 42,-10 42,-18 42,-21 42,-17 42,-12 42,-12 42,-14 42,-10 42,-21 42,-20 42,-20 42,-19 42,-24 42,-9 42,-6 42,-15 42,-14 42,-5 42,-7 42,-20 42,-19 42,-12 42,-16 42,-11 33,-1 42,-11 42,-12 42,-11 42,-18 42,-14 42,-18 42,-17 42,-8 42,-15 42,-14 29,0 42,-18 42,-10 42,-8 42,-12 42,-7 42,-18 42,-8 42,-18 42,-23 
42,-10 42,-13 42,-10 42,-16 42,-13 42,-13 42,-9 42,-19 42,-10 42,-13 42,-18 42,-16 42,-17 42,-14 42,-19 42,-15 42,-13 42,-12 42,-11 42,-16 42,-19 42,-11 42,-16 42,-16 42,-17 42,-18 42,-14 42,-15 42,-19 42,-11 42,-10 42,-13 42,-14 42,-11 42,-13 42,-11 35,-9 42,-14 42,-14 42,-15 42,-22 42,-11 42,-11 42,-15 42,-22 42,-17 42,-26 42,-18 42,-15 42,-15 42,-15 42,-18 42,-12 42,-16 42,-26 20,2 42,-22 42,-25 42,-23 33,-9 42,-22 42,-22 42,-26 42,-18 42,-29 42,-31 42,-20 42,-15 42,-26 30,-11 42,-19 42,-29 42,-24 42,-21 42,-19 42,-17 42,-15 42,-12 42,-15 42,-17 42,-18 42,-15 42,-23 42,-26 42,-22 42,-17 42,-17 42,-19 42,-15 22,-6 42,-25 42,-25 42,-24 42,-29 42,-14 42,-11 42,-20 42,-19 42,-10 29,1 42,-25 42,-24 42,-17 42,-21 42,-16 42,-15 42,-16 42,-17 42,-16 42,-23 42,-19 42,-23 42,-22 42,-13 42,-20 42,-19 42,-18 42,-23 42,-15 42,-13 42,-17 42,-12 42,-23 42,-17 42,-14 42,-28 
42,-11 42,-14 42,-11 42,-17 42,-14 42,-14 42,-19 42,-10 42,-11 42,-14 42,-19 42,-17 42,-18 42,-15 42,-20 42,-16 42,-14 42,-13 42,-12 42,-17 42,-20 42,-12 42,-17 42,-17 42,-18 42,-19 42,-15 42,-16 42,-20 42,-12 42,-11 42,-14 42,-15 42,-12 42,-14 42,-12 42,-17 42,-15 42,-15 42,-16 42,-23 42,-12 42,-12 42,-16 42,-23 42,-18 42,-27 28,-5 42,-16 42,-16 42,-16 42,-19 42,-13 42,-17 42,-27 42,-21 42,-23 42,-26 42,-24 42,-19 42,-23 42,-23 42,-27 42,-19 42,-30 42,-32 42,-21 42,-16 42,-27 42,-24 42,-29 26,-4 42,-15 42,-22 42,-20 42,-18 42,-16 16,13 42,-16 42,-18 42,-19 42,-16 42,-24 42,-27 42,-23 42,-18 42,-18 42,-20 42,-16 42,-27 42,-26 42,-26 39,-22 42,-30 42,-15 42,-12 42,-21 42,-20 42,-11 42,-13 42,-26 42,-25 42,-18 42,-22 42,-17 42,-16 42,-17 42,-18 42,-17 22,-4 42,-20 42,-24 42,-23 42,-14 42,-21 42,-20 42,-19 42,-24 37,-11 42,-14 42,-18 42,-13 42,-24 42,-18 42,-24 42,-19 
