16
1
1
96
18|19|20|21|22|23|24|25|26|27|28|29|30|57|67|85|87|98|99|100|101|102|103|104|105|106|112|130|131|133|134|135|140|141|143|147|148|149|150|161|162|163|166|171|172|173|174|175|176|177|178|179|180|182|183|204|209|236|237|238|239|240|241|242|243|244|245|246|247|251|264|265|266|274|278|279|301|302|303|304|305|306|307|322|326|378|379|380|381|382|383|406|409|417|418|420
42,-4 42,-4 42,-9 42,-10 42,-1 42,-9 15,23 42,-9 42,-7 42,-4 42,-8 42,-3 42,-5 42,-7 42,-10 42,-6 42,-10 42,-2 35,6 42,-4 42,-5 42,-2 42,-4 42,-2 42,-7 42,-5 42,-6 33,-3 42,-1 42,-3 42,-8 42,-1 42,-3 42,-9 42,-2 42,-5 42,-9 42,-4 42,-10 42,-6 19,20 42,-6 42,-3 42,-4 42,-6 42,-2 42,-9 42,-7 42,-2 42,-6 42,-6 29,3 42,-9 42,-12 42,-13 42,-15 42,-17 42,-17 42,-15 42,-12 42,-15 42,-8 42,-9 42,-6 42,-14 42,-7 42,-13 42,-8 42,-8 42,-15 42,-8 42,-12 42,-16 42,-6 42,-5 42,-7 42,-7 42,-6 42,-7 42,-8 42,-7 42,-14 42,-10 42,-2 42,-17 42,-2 26,15 42,-5 42,-4 42,-1 42,-4 42,-8 42,-10 42,-7 42,-13 42,-14 
42,-4 42,-4 42,-9 42,-10 42,-1 42,-9 42,-4 42,-9 42,-7 42,-4 42,-8 42,-3 28,9 42,-7 42,-10 42,-6 42,-10 42,-2 42,-1 34,4 42,-5 42,-2 42,-4 42,-2 42,-7 42,-5 33,3 42,-12 42,-1 42,-3 42,-8 42,-1 42,-3 42,-9 42,-2 42,-5 42,-9 42,-4 42,-10 31,5 42,-3 42,-6 42,-3 42,-4 42,-6 42,-2 42,-9 42,-7 42,-2 42,-6 42,-6 42,-10 42,-9 42,-12 42,-13 26,1 42,-17 42,-17 42,-15 42,-12 42,-15 42,-8 29,4 42,-6 42,-14 42,-7 42,-13 42,-8 42,-8 42,-15 42,-8 42,-12 42,-16 42,-6 42,-5 42,-7 42,-7 42,-6 42,-7 42,-8 42,-7 42,-14 42,-10 42,-2 42,-17 42,-2 42,-1 42,-5 42,-4 42,-1 42,-4 42,-8 42,-10 42,-7 42,-13 42,-14 
42,-4 42,-4 42,-9 42,-10 42,-1 42,-9 42,-4 28,5 42,-7 42,-4 42,-8 42,-3 42,-5 42,-7 42,-10 42,-6 42,-10 42,-2 42,-1 42,-4 42,-5 42,-2 42,-4 35,5 42,-7 42,-5 42,-6 42,-12 42,-1 42,-3 42,-8 42,-1 42,-3 42,-9 42,-2 42,-5 42,-9 42,-4 42,-10 42,-6 42,-3 32,4 42,-3 42,-4 42,-6 42,-2 42,-9 42,-7 42,-2 33,3 42,-6 42,-10 42,-9 42,-12 42,-13 42,-15 42,-17 42,-17 42,-15 42,-12 42,-15 42,-8 42,-9 42,-6 42,-14 42,-7 29,0 42,-8 42,-8 42,-15 42,-8 42,-12 42,-16 42,-6 42,-5 42,-7 42,-7 42,-6 42,-7 42,-8 42,-7 42,-14 42,-10 42,-2 42,-17 42,-2 42,-1 26,11 42,-4 42,-1 42,-4 42,-8 42,-10 42,-7 42,-13 42,-14 
42,-4 42,-4 42,-9 42,-10 42,-1 23,10 42,-4 42,-9 42,-7 42,-4 42,-8 42,-3 42,-5 42,-7 42,-10 42,-6 42,-10 42,-2 42,-1 42,-4 35,2 42,-2 42,-4 42,-2 42,-7 42,-5 42,-6 42,-12 42,-1 42,-3 42,-8 42,-1 42,-3 42,-9 42,-2 42,-5 33,0 42,-4 42,-10 42,-6 42,-3 42,-6 11,28 42,-4 42,-6 42,-2 42,-9 42,-7 42,-2 42,-6 42,-6 42,-10 29,4 42,-12 42,-13 42,-15 42,-17 42,-17 42,-15 42,-12 42,-15 42,-8 42,-9 42,-6 42,-14 42,-7 42,-13 42,-8 42,-8 26,1 42,-8 42,-12 42,-16 42,-6 42,-5 42,-7 42,-7 42,-6 42,-7 42,-8 42,-7 42,-14 42,-10 42,-2 42,-17 42,-2 42,-1 42,-5 42,-4 42,-1 42,-4 42,-8 42,-10 42,-7 42,-13 42,-14 
42,-4 42,-4 42,-9 42,-10 42,-1 42,-9 42,-4 42,-9 42,-7 42,-4 42,-8 22,17 42,-5 42,-7 42,-10 42,-6 42,-10 42,-2 42,-1 42,-4 42,-5 42,-2 35,3 42,-2 42,-7 42,-5 42,-6 42,-12 42,-1 42,-3 42,-8 42,-1 42,-3 42,-9 42,-2 42,-5 42,-9 33,5 42,-10 42,-6 42,-3 42,-6 42,-3 19,19 42,-6 42,-2 42,-9 42,-7 42,-2 42,-6 42,-6 42,-10 42,-9 42,-12 42,-13 42,-15 42,-17 42,-17 42,-15 42,-12 42,-15 42,-8 42,-9 42,-6 42,-14 42,-7 42,-13 42,-8 42,-8 42,-15 42,-8 42,-12 42,-16 42,-6 42,-5 29,6 42,-7 42,-6 42,-7 42,-8 42,-7 42,-14 42,-10 42,-2 42,-17 33,7 42,-1 42,-5 42,-4 42,-1 42,-4 42,-8 42,-10 42,-7 42,-13 42,-14 
42,-4 42,-4 28,5 42,-10 42,-1 42,-9 42,-4 42,-9 42,-7 42,-4 42,-8 42,-3 42,-5 42,-7 42,-10 42,-6 42,-10 35,5 42,-1 42,-4 42,-5 42,-2 42,-4 42,-2 42,-7 42,-5 42,-6 42,-12 33,8 42,-3 42,-8 42,-1 42,-3 42,-9 42,-2 42,-5 42,-9 42,-4 42,-10 42,-6 42,-3 42,-6 42,-3 42,-4 32,4 42,-2 42,-9 42,-7 42,-2 42,-6 42,-6 42,-10 42,-9 42,-12 42,-13 42,-15 26,-1 42,-17 42,-15 29,1 42,-15 42,-8 42,-9 42,-6 42,-14 42,-7 42,-13 42,-8 42,-8 42,-15 42,-8 42,-12 42,-16 42,-6 42,-5 42,-7 42,-7 42,-6 42,-7 42,-8 42,-7 42,-14 42,-10 42,-2 42,-17 42,-2 42,-1 42,-5 42,-4 42,-1 42,-4 42,-8 42,-10 42,-7 42,-13 42,-14 
42,-4 42,-4 42,-9 42,-10 42,-1 42,-9 42,-4 42,-9 42,-7 42,-4 42,-8 42,-3 42,-5 42,-7 42,-10 42,-6 42,-10 42,-2 42,-1 42,-4 42,-5 35,5 42,-4 42,-2 42,-7 42,-5 42,-6 42,-12 42,-1 42,-3 42,-8 42,-1 42,-3 42,-9 42,-2 42,-5 42,-9 42,-4 42,-10 42,-6 42,-3 42,-6 42,-3 42,-4 42,-6 42,-2 25,8 42,-7 42,-2 42,-6 33,3 42,-10 42,-9 42,-12 42,-13 42,-15 42,-17 42,-17 42,-15 42,-12 42,-15 23,11 42,-9 42,-6 42,-14 42,-7 42,-13 42,-8 42,-8 42,-15 42,-8 42,-12 42,-16 42,-6 42,-5 42,-7 42,-7 42,-6 42,-7 42,-8 42,-7 42,-14 42,-10 28,12 42,-17 42,-2 42,-1 42,-5 42,-4 23,18 42,-4 42,-8 42,-10 42,-7 42,-13 42,-14 
42,-4 42,-4 42,-9 42,-10 42,-1 42,-9 42,-4 42,-9 42,-7 42,-4 22,12 42,-3 42,-5 42,-7 42,-10 42,-6 42,-10 42,-2 42,-1 42,-4 42,-5 42,-2 42,-4 42,-2 42,-7 35,2 42,-6 42,-12 42,-1 42,-3 42,-8 42,-1 42,-3 42,-9 42,-2 42,-5 42,-9 42,-4 42,-10 42,-6 42,-3 42,-6 42,-3 42,-4 42,-6 42,-2 42,-9 19,16 33,7 42,-6 42,-6 42,-10 42,-9 42,-12 42,-13 42,-15 42,-17 42,-17 42,-15 42,-12 42,-15 42,-8 42,-9 42,-6 42,-14 42,-7 42,-13 42,-8 42,-8 42,-15 42,-8 42,-12 42,-16 42,-6 29,8 42,-7 42,-7 42,-6 42,-7 42,-8 42,-7 42,-14 42,-10 42,-2 42,-17 42,-2 42,-1 42,-5 33,5 42,-1 42,-4 42,-8 42,-10 42,-7 42,-13 42,-14 
42,-4 42,-4 42,-9 42,-10 42,-1 42,-9 42,-4 42,-9 42,-7 42,-4 42,-8 42,-3 42,-5 42,-7 42,-10 42,-6 42,-10 42,-2 42,-1 42,-4 42,-5 42,-2 42,-4 42,-2 35,0 42,-5 42,-6 42,-12 42,-1 42,-3 42,-8 42,-1 42,-3 42,-9 42,-2 33,4 42,-9 42,-4 42,-10 42,-6 42,-3 42,-6 42,-3 42,-4 42,-6 25,15 42,-9 42,-7 42,-2 42,-6 42,-6 42,-10 42,-9 42,-12 42,-13 42,-15 42,-17 42,-17 42,-15 42,-12 42,-15 42,-8 42,-9 23,13 42,-14 42,-7 42,-13 42,-8 42,-8 42,-15 42,-8 42,-12 42,-16 42,-6 42,-5 42,-7 42,-7 42,-6 42,-7 42,-8 42,-7 42,-14 42,-10 42,-2 28,-3 42,-2 42,-1 42,-5 42,-4 42,-1 23,15 42,-8 42,-10 42,-7 42,-13 42,-14 
33,5 42,-4 42,-9 42,-10 42,-1 42,-9 42,-4 42,-9 42,-7 42,-4 42,-8 42,-3 42,-5 42,-7 26,6 42,-6 28,4 42,-2 42,-1 42,-4 42,-5 42,-2 42,-4 42,-2 42,-7 42,-5 42,-6 42,-12 42,-1 42,-3 42,-8 42,-1 42,-3 42,-9 42,-2 42,-5 42,-9 42,-4 37,-5 42,-6 42,-3 42,-6 42,-3 42,-4 42,-6 42,-2 42,-9 42,-7 42,-2 42,-6 42,-6 42,-10 42,-9 42,-12 42,-13 42,-15 42,-17 42,-17 42,-15 42,-12 42,-15 42,-8 42,-9 42,-6 42,-14 42,-7 42,-13 7,27 42,-8 42,-15 42,-8 42,-12 42,-16 42,-6 42,-5 42,-7 42,-7 42,-6 42,-7 42,-8 38,-3 42,-14 42,-10 42,-2 42,-17 42,-2 42,-1 42,-5 42,-4 42,-1 42,-4 42,-8 42,-10 42,-7 42,-13 42,-14 
42,-4 42,-4 42,-9 42,-10 42,-1 42,-9 42,-4 42,-9 28,7 42,-4 42,-8 42,-3 42,-5 42,-7 42,-10 42,-6 42,-10 42,-2 42,-1 42,-4 42,-5 42,-2 42,-4 42,-2 42,-7 42,-5 42,-6 42,-12 42,-1 42,-3 42,-8 42,-1 26,13 42,-9 42,-2 42,-5 42,-9 42,-4 42,-10 42,-6 42,-3 42,-6 42,-3 42,-4 42,-6 42,-2 42,-9 42,-7 42,-2 42,-6 42,-6 42,-10 42,-9 42,-12 42,-13 42,-15 42,-17 42,-17 42,-15 42,-12 42,-15 42,-8 42,-9 42,-6 42,-14 42,-7 42,-13 42,-8 16,18 42,-15 42,-8 42,-12 39,-13 42,-6 42,-5 42,-7 42,-7 42,-6 42,-7 42,-8 42,-7 42,-14 27,5 42,-2 42,-17 42,-2 42,-1 42,-5 42,-4 42,-1 42,-4 42,-8 42,-10 42,-7 42,-13 31,-3 
42,-4 42,-4 42,-9 42,-10 42,-1 42,-9 42,-4 42,-9 42,-7 28,10 42,-8 42,-3 42,-5 42,-7 42,-10 42,-6 42,-10 42,-2 42,-1 42,-4 42,-5 42,-2 42,-4 42,-2 42,-7 42,-5 42,-6 42,-12 42,-1 42,-3 42,-8 42,-1 42,-3 26,7 42,-2 42,-5 42,-9 42,-4 42,-10 42,-6 42,-3 42,-6 42,-3 42,-4 42,-6 42,-2 42,-9 42,-7 42,-2 42,-6 42,-6 42,-10 42,-9 42,-12 42,-13 42,-15 42,-17 42,-17 16,11 42,-12 42,-15 42,-8 42,-9 42,-6 42,-14 42,-7 42,-13 42,-8 42,-8 42,-15 42,-8 39,-9 42,-16 42,-6 42,-5 42,-7 42,-7 42,-6 42,-7 42,-8 42,-7 27,1 42,-10 42,-2 42,-17 42,-2 42,-1 42,-5 42,-4 42,-1 42,-4 31,3 42,-10 42,-7 42,-13 42,-14 
42,-4 28,10 42,-9 42,-10 42,-1 42,-9 42,-4 42,-9 42,-7 42,-4 42,-8 42,-3 42,-5 31,4 42,-10 42,-6 42,-10 42,-2 42,-1 42,-4 42,-5 42,-2 42,-4 42,-2 42,-7 42,-5 42,-6 42,-12 42,-1 42,-3 42,-8 42,-1 42,-3 42,-9 26,14 42,-5 42,-9 42,-4 42,-10 42,-6 42,-3 42,-6 42,-3 42,-4 42,-6 42,-2 42,-9 42,-7 42,-2 42,-6 42,-6 42,-10 42,-9 42,-12 42,-13 42,-15 42,-17 42,-17 42,-15 42,-12 42,-15 42,-8 42,-9 42,-6 42,-14 16,19 42,-13 42,-8 42,-8 42,-15 39,-5 42,-12 42,-16 42,-6 42,-5 42,-7 42,-7 42,-6 42,-7 27,7 42,-7 42,-14 42,-10 42,-2 42,-17 42,-2 42,-1 42,-5 42,-4 42,-1 42,-4 42,-8 42,-10 42,-7 42,-13 42,-14 
42,-4 42,-4 42,-9 42,-10 28,13 42,-9 42,-4 42,-9 42,-7 42,-4 42,-8 42,-3 42,-5 42,-7 42,-10 42,-6 42,-10 42,-2 42,-1 42,-4 42,-5 42,-2 42,-4 42,-2 42,-7 42,-5 42,-6 42,-12 42,-1 26,13 42,-8 42,-1 42,-3 42,-9 42,-2 42,-5 42,-9 42,-4 42,-10 42,-6 42,-3 42,-6 42,-3 42,-4 42,-6 42,-2 42,-9 42,-7 42,-2 42,-6 42,-6 42,-10 42,-9 42,-12 39,-10 42,-15 42,-17 42,-17 42,-15 42,-12 42,-15 42,-8 42,-9 42,-6 16,12 42,-7 42,-13 42,-8 42,-8 42,-15 42,-8 42,-12 42,-16 42,-6 42,-5 42,-7 42,-7 42,-6 28,7 42,-8 42,-7 42,-14 42,-10 42,-2 42,-17 42,-2 42,-1 42,-5 42,-4 42,-1 42,-4 42,-8 42,-10 42,-7 31,-2 42,-14 
42,-4 42,-4 42,-9 28,4 42,-1 42,-9 42,-4 42,-9 42,-7 42,-4 42,-8 42,-3 42,-5 42,-7 42,-10 42,-6 42,-10 42,-2 42,-1 42,-4 42,-5 42,-2 42,-4 42,-2 42,-7 42,-5 42,-6 42,-12 42,-1 42,-3 26,8 42,-1 42,-3 42,-9 42,-2 42,-5 42,-9 42,-4 42,-10 42,-6 42,-3 42,-6 42,-3 42,-4 42,-6 42,-2 42,-9 42,-7 42,-2 42,-6 42,-6 42,-10 42,-9 42,-12 42,-13 42,-15 42,-17 42,-17 42,-15 42,-12 16,11 42,-8 42,-9 42,-6 42,-14 42,-7 42,-13 42,-8 42,-8 42,-15 42,-8 42,-12 42,-16 39,-3 42,-5 42,-7 42,-7 29,7 42,-7 42,-8 42,-7 42,-14 42,-10 42,-2 42,-17 42,-2 42,-1 42,-5 42,-4 42,-1 42,-4 42,-8 42,-10 37,-2 42,-13 42,-14 
42,-4 42,-4 42,-9 42,-10 42,-1 42,-9 42,-4 42,-9 42,-7 42,-4 42,-8 42,-3 42,-5 42,-7 42,-10 28,8 42,-10 42,-2 42,-1 42,-4 42,-5 42,-2 42,-4 42,-2 42,-7 42,-5 42,-6 42,-12 42,-1 42,-3 42,-8 26,15 42,-3 42,-9 42,-2 42,-5 42,-9 42,-4 42,-10 42,-6 42,-3 42,-6 42,-3 42,-4 42,-6 42,-2 42,-9 42,-7 42,-2 42,-6 42,-6 42,-10 42,-9 39,-9 42,-13 42,-15 42,-17 16,9 42,-15 42,-12 42,-15 42,-8 42,-9 42,-6 42,-14 42,-7 42,-13 42,-8 42,-8 42,-15 42,-8 42,-12 42,-16 42,-6 42,-5 42,-7 21,14 42,-6 42,-7 42,-8 42,-7 42,-14 42,-10 42,-2 42,-17 42,-2 42,-1 42,-5 42,-4 42,-1 42,-4 42,-8 31,1 42,-7 42,-13 42,-14 
