9
1
1
36
5|6|7|9|10|11|12|17|18|19|20|21|22|23|25|31|32|33|34|35|39|40|41|62|63|64|65|66|67|68|69|73|86|87|88|91
10,-4 15,-5 15,-9 15,-6 15,-4 15,-9 15,-2 14,-16 15,-1 15,-10 15,-4 15,-7 15,-3 15,-8 15,-18 15,-6 15,-10 15,-3 15,-9 15,-14 15,-15 15,-8 15,-7 15,-7 15,-11 15,-15 15,-18 15,-8 15,-22 15,-13 14,-11 15,-18 15,-10 15,-10 7,5 15,-7 
15,-9 10,0 15,-9 15,-6 15,-4 15,-9 15,-2 15,-17 15,-1 15,-10 15,-4 15,-7 6,6 15,-8 15,-18 15,-6 15,-10 15,-3 7,-1 15,-14 15,-15 15,-8 15,-7 15,-7 15,-11 15,-15 14,-17 15,-8 15,-22 15,-13 15,-12 15,-18 15,-10 15,-10 15,-3 15,-7 
15,-9 15,-5 10,-4 15,-6 15,-4 15,-9 15,-2 15,-17 15,-1 14,-9 15,-4 15,-7 15,-3 15,-8 15,-18 15,-6 7,-2 15,-3 15,-9 15,-14 15,-15 15,-8 15,-7 15,-7 15,-11 14,-14 15,-18 15,-8 15,-22 15,-13 15,-12 15,-18 15,-10 15,-10 15,-3 15,-7 
15,-9 15,-5 15,-9 10,-1 15,-4 15,-9 15,-2 15,-17 15,-1 15,-10 15,-4 15,-7 15,-3 15,-8 15,-18 15,-6 15,-10 15,-3 15,-9 7,-6 15,-15 15,-8 15,-7 14,-6 15,-11 15,-15 15,-18 15,-8 15,-22 15,-13 15,-12 15,-18 15,-10 6,-1 15,-3 15,-7 
15,-9 15,-14 15,-18 15,-15 10,-8 15,-18 15,-11 15,-26 15,-10 15,-19 15,-13 15,-16 15,-12 15,-17 14,-17 15,-15 15,-19 15,-12 15,-18 15,-14 15,-24 7,-9 15,-16 15,-16 15,-20 15,-24 15,-18 15,-17 15,-31 14,-21 15,-21 15,-27 15,-19 15,-19 15,-12 15,-16 
15,-14 15,-5 15,-14 15,-11 15,-9 10,-9 15,-7 15,-22 15,-6 15,-15 15,-9 15,-12 15,-8 14,-12 15,-23 15,-11 15,-15 15,-8 15,-14 15,-19 7,-12 15,-13 15,-12 15,-7 15,-11 15,-15 15,-18 15,-8 15,-22 15,-13 15,-12 15,-23 15,-10 15,-15 15,-8 14,-11 
15,-18 15,-14 15,-9 15,-15 15,-13 15,-18 10,-6 15,-17 15,-10 15,-19 14,-12 15,-16 15,-12 15,-17 15,-27 15,-15 15,-19 15,-12 15,-18 15,-23 15,-24 15,-17 7,-8 15,-16 15,-20 15,-24 15,-27 15,-17 14,-21 15,-22 15,-21 15,-18 15,-19 15,-10 15,-12 15,-16 
15,-9 15,-5 15,-9 15,-6 15,-4 15,-9 15,-2 15,-17 14,0 15,-10 15,-4 15,-7 15,-3 15,-8 15,-18 15,-6 15,-10 7,5 15,-9 15,-14 15,-15 15,-8 15,-7 15,-7 15,-11 15,-15 15,-18 14,-7 15,-22 15,-13 15,-12 10,-13 15,-10 15,-10 15,-3 15,-7 
15,-15 15,-11 15,-15 15,-6 15,-10 15,-15 15,-8 15,-23 15,-7 15,-10 15,-10 14,-12 15,-9 15,-14 15,-24 7,-4 15,-16 15,-9 15,-15 15,-20 15,-15 15,-14 15,-13 15,-13 14,-16 15,-21 15,-24 15,-14 15,-28 15,-19 15,-12 15,-24 10,-11 15,-16 15,-9 15,-7 
