7
1
1
28
7|8|9|10|17|23|25|31|32|33|34|35|36|39|40|41|63|64|65|66|67|69|72|73|74|87|88|91
10,-4 15,-5 15,-6 15,-4 15,-17 15,-8 15,-9 15,-6 15,-10 15,-3 14,-8 15,-5 15,-9 15,-15 15,-8 6,2 15,-6 15,-10 15,-4 15,-3 14,-16 15,-7 15,-11 15,-18 15,-11 15,-15 15,-8 15,-7 
15,-9 15,-5 15,-6 15,-4 15,-17 15,-8 15,-9 15,-6 15,-10 15,-3 15,-9 15,-5 14,-8 15,-15 6,1 15,-7 15,-6 15,-10 15,-4 14,-2 15,-17 15,-7 10,-6 15,-18 15,-11 15,-15 15,-8 15,-7 
15,-9 15,-5 15,-6 15,-4 15,-17 15,-8 15,-9 15,-6 15,-10 15,-3 15,-9 14,-4 15,-9 6,-6 15,-8 15,-7 15,-6 15,-10 14,-3 15,-3 15,-17 15,-7 15,-11 10,-13 15,-11 15,-15 15,-8 15,-7 
15,-9 15,-5 15,-6 15,-4 15,-17 15,-8 14,-8 15,-6 7,-2 15,-3 15,-9 15,-5 15,-9 15,-15 15,-8 15,-7 15,-6 14,-9 15,-4 15,-3 15,-17 15,-7 15,-11 15,-18 10,-6 15,-15 15,-8 15,-7 
15,-9 10,0 15,-6 15,-4 15,-17 14,-7 15,-9 7,2 15,-10 15,-3 15,-9 15,-5 15,-9 15,-15 15,-8 15,-7 14,-5 15,-10 15,-4 15,-3 15,-17 15,-7 15,-11 15,-18 15,-11 15,-15 15,-8 15,-7 
15,-9 15,-5 15,-6 10,1 14,-16 15,-8 15,-9 15,-6 15,-10 7,5 15,-9 15,-5 15,-9 15,-15 15,-8 15,-7 15,-6 15,-10 15,-4 15,-3 15,-17 15,-7 15,-11 15,-18 15,-11 15,-15 15,-8 14,-6 
15,-9 15,-14 10,-10 15,-13 15,-17 15,-17 15,-18 15,-15 15,-19 15,-12 15,-18 15,-14 15,-18 15,-24 15,-17 15,-16 15,-15 15,-19 15,-13 15,-12 15,-17 14,-15 15,-11 15,-18 15,-11 14,-14 7,-9 15,-16 
