6
1
1
60
130|131|132|133|134|135|138|140|142|144|18|21|23|158|32|37|38|167|39|169|170|43|40|45|166|41|44|49|50|52|57|59|61|165|64|65|67|68|70|78|79|168|82|83|84|86|87|88|89|93|94|96|102|105|106|107|109|112|114|115
87,-5 59,19 87,-18 87,-7 87,-6 87,-10 87,-17 87,-11 87,-10 87,-8 75,8 87,-3 87,-8 87,-9 79,-2 87,-1 87,-9 69,0 87,-1 87,-1 87,-13 87,-3 87,-10 64,20 87,-5 87,-4 87,-5 87,-2 87,-1 54,29 87,-4 87,-7 87,-3 87,-15 61,20 87,-6 87,-9 87,-5 87,-5 87,-3 87,-8 87,-8 82,3 87,-5 87,-2 87,-2 86,-6 87,-3 87,-9 87,-9 87,-2 87,-8 87,-1 87,-2 87,-1 87,-8 87,-9 86,0 87,-3 87,-4 
87,-5 87,-9 87,-18 87,-7 87,-6 53,24 87,-17 87,-11 87,-10 73,6 87,-4 77,7 87,-8 87,-9 87,-10 61,25 87,-9 87,-18 87,-1 68,18 87,-13 87,-3 87,-10 87,-3 87,-5 87,-4 87,-5 87,-2 87,-1 87,-4 64,19 49,31 87,-3 87,-15 87,-6 87,-6 87,-9 87,-5 87,-5 87,-3 87,-8 87,-8 87,-2 87,-5 87,-2 82,3 87,-7 86,-2 87,-9 87,-9 87,-2 87,-8 87,-1 87,-2 87,-1 86,-7 87,-9 87,-1 87,-3 87,-4 
87,-5 87,-9 87,-18 87,-7 53,28 87,-10 87,-17 87,-11 87,-10 87,-8 87,-4 87,-3 75,4 87,-9 87,-10 87,-1 64,14 87,-18 87,-1 87,-1 68,6 62,22 87,-10 87,-3 87,-5 87,-4 87,-5 87,-2 87,-1 87,-4 87,-4 87,-7 73,11 87,-15 87,-6 87,-6 87,-9 72,10 87,-5 82,2 87,-8 87,-8 87,-2 87,-5 87,-2 87,-2 87,-7 87,-3 87,-9 86,-8 87,-2 87,-8 87,-1 87,-2 87,-1 87,-8 86,-8 87,-1 87,-3 87,-4 
87,-5 87,-9 87,-18 64,16 87,-6 87,-10 87,-17 87,-11 75,2 87,-8 87,-4 87,-3 87,-8 87,-9 87,-10 87,-1 87,-9 87,-18 62,24 87,-1 87,-13 87,-3 34,43 87,-3 69,13 87,-4 87,-5 87,-2 87,-1 87,-4 87,-4 87,-7 87,-3 87,-15 87,-6 66,15 87,-9 87,-5 87,-5 87,-3 82,-3 87,-8 87,-2 87,-5 87,-2 87,-2 87,-7 87,-3 87,-9 87,-9 87,-2 86,-7 87,-1 87,-2 87,-1 87,-8 87,-9 87,-1 86,-2 71,12 
87,-5 87,-9 59,10 87,-7 87,-6 87,-10 87,-17 75,1 87,-10 87,-8 87,-4 87,-3 87,-8 79,-1 87,-10 87,-1 87,-9 87,-18 87,-1 87,-1 87,-13 87,-3 87,-10 87,-3 87,-5 64,19 87,-5 54,31 87,-1 87,-4 87,-4 87,-7 87,-3 69,3 87,-6 87,-6 87,-9 87,-5 61,21 87,-3 87,-8 87,-8 87,-2 87,-5 82,3 87,-2 87,-7 87,-3 86,-8 87,-9 87,-2 87,-8 87,-1 86,-1 87,-1 87,-8 87,-9 87,-1 87,-3 87,-4 
59,23 87,-9 87,-18 87,-7 87,-6 87,-10 75,-5 87,-11 87,-10 87,-8 87,-4 87,-3 87,-8 87,-9 87,-10 87,-1 87,-9 87,-18 87,-1 87,-1 87,-13 87,-3 87,-10 87,-3 87,-5 87,-4 64,18 87,-2 54,32 87,-4 87,-4 87,-7 87,-3 87,-15 87,-6 87,-6 61,17 87,-5 87,-5 87,-3 87,-8 69,10 87,-2 82,0 87,-2 87,-2 87,-7 87,-3 87,-9 87,-9 86,-1 87,-8 79,7 87,-2 86,0 87,-8 87,-9 87,-1 87,-3 87,-4 
