6
1
1
60
130|131|132|133|134|135|16|17|18|21|22|23|36|37|38|39|168|169|170|167|166|165|48|49|50|51|52|53|54|55|56|57|58|59|60|61|62|63|70|71|81|82|83|84|85|86|92|93|94|95|96|97|98|99|109|110|111|112|113|114
87,-5 87,-9 87,-8 87,-7 87,-6 53,24 87,-10 87,-5 87,-4 87,-3 87,-2 75,4 87,-3 87,-1 87,-9 87,-1 87,-13 87,-11 68,1 87,-19 87,-15 87,-19 87,-7 87,-2 87,-1 87,-9 87,-4 87,-7 87,-7 87,-10 87,-5 47,36 87,-6 87,-7 87,-6 87,-3 87,-5 49,36 87,-5 55,31 87,-5 87,-2 87,-5 87,-2 87,-10 82,3 87,-6 87,-9 87,-2 87,-9 87,-8 86,-4 87,-10 79,6 87,-9 87,-10 87,-4 87,-1 87,-7 86,-2 
87,-5 87,-9 87,-8 87,-7 53,28 87,-10 87,-10 87,-5 87,-4 87,-3 75,10 87,-8 87,-3 87,-1 87,-9 87,-1 87,-13 68,8 87,-18 87,-19 87,-15 87,-19 87,-7 87,-2 87,-1 87,-9 87,-4 87,-7 87,-7 87,-10 47,35 87,-4 87,-6 87,-7 87,-6 87,-3 49,33 87,-2 55,27 87,-1 87,-5 87,-2 87,-5 87,-2 82,-5 87,-2 87,-6 87,-9 87,-2 87,-9 86,-7 87,-5 79,-2 87,-2 87,-9 87,-10 87,-4 87,-1 86,-6 87,-3 
87,-5 87,-9 87,-8 74,6 87,-6 87,-10 87,-10 87,-5 87,-4 75,9 87,-2 87,-8 87,-3 87,-1 87,-9 61,25 69,5 87,-11 87,-18 87,-19 87,-15 87,-19 87,-7 87,-2 87,-1 87,-9 71,12 87,-7 87,-7 79,-2 87,-5 87,-4 87,-6 87,-7 87,-6 64,20 87,-5 87,-2 87,-5 87,-1 87,-5 87,-2 87,-5 82,3 87,-10 87,-2 87,-6 87,-9 87,-2 86,-8 87,-8 87,-5 87,-10 87,-2 87,-9 87,-10 87,-4 86,0 87,-7 87,-3 
87,-5 87,-9 74,5 87,-7 87,-6 87,-10 87,-10 87,-5 75,8 87,-3 87,-2 87,-8 87,-3 87,-1 61,17 87,-1 87,-13 87,-11 87,-18 69,-1 87,-15 87,-19 87,-7 87,-2 87,-1 71,7 87,-4 87,-7 79,1 87,-10 87,-5 87,-4 87,-6 87,-7 64,17 87,-3 87,-5 87,-2 87,-5 87,-1 87,-5 87,-2 82,0 87,-2 87,-10 87,-2 87,-6 87,-9 86,-1 87,-9 87,-8 87,-5 87,-10 87,-2 87,-9 87,-10 86,-3 87,-1 87,-7 87,-3 
87,-5 74,4 87,-8 87,-7 87,-6 87,-10 87,-10 75,7 87,-4 87,-3 87,-2 87,-8 87,-3 61,25 87,-9 87,-1 87,-13 87,-11 87,-18 87,-19 69,3 87,-19 87,-7 87,-2 71,15 87,-9 87,-4 79,1 87,-7 87,-10 87,-5 87,-4 87,-6 64,16 87,-6 87,-3 87,-5 87,-2 87,-5 87,-1 87,-5 82,3 87,-5 87,-2 87,-10 87,-2 87,-6 86,-8 87,-2 87,-9 87,-8 87,-5 87,-10 87,-2 87,-9 86,-9 87,-4 87,-1 87,-7 87,-3 
59,23 87,-9 87,-8 87,-7 87,-6 87,-10 75,2 87,-5 87,-4 87,-3 87,-2 87,-8 79,5 87,-1 87,-9 87,-1 87,-13 87,-11 87,-18 87,-19 87,-15 69,-1 61,19 54,31 87,-1 87,-9 87,-4 87,-7 87,-7 87,-10 87,-5 87,-4 64,17 87,-7 87,-6 87,-3 87,-5 87,-2 87,-5 87,-1 82,0 87,-2 87,-5 87,-2 87,-10 87,-2 86,-5 87,-9 87,-2 87,-9 87,-8 87,-5 87,-10 87,-2 86,-8 87,-10 87,-4 87,-1 87,-7 87,-3 
