21
1
1
126
13|14|15|17|18|19|20|21|22|24|25|26|28|30|44|50|51|52|55|57|67|68|69|73|82|83|84|85|87|98|99|100|101|102|103|104|105|106|111|112|130|131|135|143|148|149|150|154|155|156|163|165|166|168|169|171|172|173|175|176|177|178|179|180|182|183|185|186|187|190|207|215|219|225|227|236|237|238|239|240|241|242|243|244|245|246|247|248|249|252|254|256|268|269|270|272|273|277|278|279|280|281|299|300|301|302|303|304|305|306|307|308|309|313|314|384|386|387|404|405|406|408|417|419|420|421
53,1 59,-6 59,-6 59,-2 59,-5 59,-9 59,-8 59,-7 59,-6 41,14 59,-3 59,-8 59,-9 59,-3 59,-8 59,-7 59,-1 59,-5 59,-4 51,7 59,-10 59,-10 59,-5 59,-2 59,-2 59,-9 59,-3 59,-3 59,-9 59,-10 59,-4 59,-3 59,-5 59,-3 59,-6 59,-6 59,-9 59,-5 59,-3 59,-9 59,-14 59,-15 59,-8 45,-1 59,-16 59,-7 59,-14 59,-16 59,-14 59,-13 59,-5 59,-5 59,-2 59,-15 59,-14 59,-3 59,-6 59,-8 59,-5 59,-7 59,-4 59,-7 59,-4 59,-7 59,-9 59,-22 59,-13 59,-13 59,-17 59,-17 59,-10 59,-16 59,-20 59,-15 59,-13 59,-3 59,-8 59,-7 59,-3 59,-5 59,-6 59,-5 59,-12 35,8 59,-14 59,-9 59,-14 59,-10 59,-14 59,-9 59,-4 59,-10 59,-28 59,-18 59,-1 59,-5 59,-12 59,-6 59,-1 59,-8 59,-19 59,-11 59,-9 59,-4 59,-10 59,-12 59,-12 59,-5 59,-6 59,-11 33,22 59,-5 59,-6 59,-13 59,-10 59,-12 59,-7 59,-16 59,-9 59,-5 59,-3 59,-10 59,-11 59,-19 59,-17 59,-13 
59,-5 45,8 59,-6 59,-2 59,-5 59,-9 59,-8 59,-7 59,-6 59,-4 59,-3 59,-8 59,-9 59,-3 59,-8 59,-7 59,-1 59,-5 59,-4 59,-1 59,-10 59,-10 59,-5 59,-2 59,-2 27,23 59,-3 59,-3 59,-9 59,-10 59,-4 59,-3 59,-5 59,-3 59,-6 59,-6 59,-9 59,-5 59,-3 42,8 59,-14 59,-15 59,-8 59,-15 59,-16 59,-7 59,-14 59,-16 59,-14 59,-13 59,-5 59,-5 59,-2 59,-15 59,-14 59,-3 59,-6 59,-8 59,-5 59,-7 59,-4 59,-7 59,-4 59,-7 59,-9 59,-22 59,-13 59,-13 59,-17 59,-17 59,-10 59,-16 59,-20 59,-15 59,-13 59,-3 59,-8 59,-7 59,-3 59,-5 59,-6 59,-5 21,26 59,-16 59,-14 59,-9 59,-14 32,17 59,-14 59,-9 59,-4 59,-10 59,-28 59,-18 59,-1 59,-5 59,-12 59,-6 59,-1 59,-8 59,-19 59,-11 59,-9 59,-4 59,-10 59,-12 59,-12 59,-5 59,-6 59,-11 59,-4 59,-5 59,-6 59,-13 59,-10 59,-12 59,-7 59,-16 59,-9 59,-5 59,-3 59,-10 59,-11 59,-19 59,-17 51,-5 
59,-5 59,-6 53,0 59,-2 59,-5 59,-9 59,-8 59,-7 59,-6 59,-4 59,-3 59,-8 59,-9 59,-3 59,-8 59,-7 59,-1 59,-5 51,4 59,-1 59,-10 59,-10 59,-5 59,-2 59,-2 59,-9 59,-3 59,-3 41,9 59,-10 59,-4 59,-3 59,-5 59,-3 59,-6 59,-6 59,-9 59,-5 59,-3 59,-9 59,-14 59,-15 59,-8 59,-15 59,-16 59,-7 59,-14 59,-16 59,-14 59,-13 59,-5 59,-5 59,-2 59,-15 59,-14 59,-3 59,-6 59,-8 59,-5 59,-7 59,-4 59,-7 59,-4 59,-7 59,-9 59,-22 59,-13 59,-13 59,-17 59,-17 45,4 59,-16 59,-20 59,-15 59,-13 59,-3 59,-8 59,-7 59,-3 59,-5 59,-6 59,-5 59,-12 59,-16 59,-14 35,15 59,-14 59,-10 59,-14 59,-9 59,-4 59,-10 59,-28 59,-18 59,-1 59,-5 59,-12 59,-6 59,-1 59,-8 59,-19 59,-11 59,-9 59,-4 59,-10 59,-12 59,-12 59,-5 29,24 59,-11 59,-4 59,-5 59,-6 59,-13 59,-10 59,-12 59,-7 59,-16 59,-9 59,-5 59,-3 59,-10 59,-11 59,-19 59,-17 59,-13 
59,-5 59,-6 59,-6 45,12 59,-5 59,-9 59,-8 59,-7 59,-6 59,-4 59,-3 59,-8 59,-9 59,-3 59,-8 59,-7 59,-1 59,-5 59,-4 59,-1 59,-10 59,-10 59,-5 59,-2 27,30 59,-9 59,-3 59,-3 59,-9 59,-10 59,-4 59,-3 59,-5 59,-3 59,-6 59,-6 59,-9 59,-5 59,-3 59,-9 42,3 59,-15 59,-8 59,-15 59,-16 59,-7 59,-14 59,-16 59,-14 59,-13 59,-5 59,-5 59,-2 59,-15 59,-14 59,-3 59,-6 59,-8 59,-5 59,-7 59,-4 59,-7 59,-4 59,-7 59,-9 59,-22 59,-13 59,-13 59,-17 59,-17 59,-10 59,-16 59,-20 59,-15 59,-13 59,-3 59,-8 59,-7 59,-3 59,-5 21,32 59,-5 59,-12 59,-16 59,-14 59,-9 59,-14 59,-10 32,13 59,-9 59,-4 59,-10 59,-28 59,-18 59,-1 59,-5 59,-12 59,-6 59,-1 59,-8 59,-19 59,-11 59,-9 59,-4 59,-10 59,-12 59,-12 59,-5 59,-6 59,-11 59,-4 59,-5 59,-6 59,-13 59,-10 59,-12 59,-7 59,-16 59,-9 59,-5 59,-3 59,-10 50,-2 59,-19 59,-17 59,-13 
59,-5 59,-6 59,-6 59,-2 45,9 59,-9 59,-8 59,-7 59,-6 59,-4 59,-3 59,-8 59,-9 59,-3 59,-8 59,-7 59,-1 59,-5 59,-4 59,-1 59,-10 32,17 59,-5 59,-2 59,-2 59,-9 59,-3 59,-3 59,-9 59,-10 59,-4 59,-3 59,-5 59,-3 59,-6 59,-6 59,-9 59,-5 59,-3 59,-9 59,-14 59,-15 59,-8 59,-15 59,-16 59,-7 59,-14 59,-16 59,-14 27,19 59,-5 59,-5 59,-2 59,-15 59,-14 59,-3 59,-6 59,-8 59,-5 59,-7 59,-4 59,-7 59,-4 59,-7 59,-9 59,-22 59,-13 59,-13 59,-17 59,-17 59,-10 59,-16 59,-20 59,-15 59,-13 59,-3 59,-8 59,-7 59,-3 21,33 59,-6 59,-5 59,-12 59,-16 59,-14 59,-9 59,-14 59,-10 59,-14 59,-9 59,-4 59,-10 59,-28 59,-18 59,-1 59,-5 59,-12 59,-6 59,-1 59,-8 59,-19 59,-11 59,-9 59,-4 59,-10 59,-12 59,-12 59,-5 59,-6 59,-11 59,-4 59,-5 59,-6 59,-13 42,7 59,-12 59,-7 59,-16 59,-9 59,-5 59,-3 51,-2 59,-11 59,-19 59,-17 59,-13 
59,-5 59,-6 59,-6 59,-2 59,-5 41,9 59,-8 59,-7 59,-6 59,-4 59,-3 59,-8 59,-9 59,-3 59,-8 59,-7 59,-1 59,-5 59,-4 59,-1 59,-10 59,-10 59,-5 59,-2 59,-2 59,-9 59,-3 59,-3 59,-9 59,-10 59,-4 59,-3 59,-5 59,-3 59,-6 59,-6 59,-9 59,-5 59,-3 59,-9 59,-14 59,-15 59,-8 59,-15 59,-16 59,-7 59,-14 59,-16 59,-14 59,-13 59,-5 59,-5 59,-2 59,-15 59,-14 59,-3 59,-6 59,-8 59,-5 59,-7 59,-4 59,-7 59,-4 59,-7 53,-3 59,-22 59,-13 59,-13 59,-17 59,-17 59,-10 59,-16 59,-20 59,-15 59,-13 59,-3 59,-8 59,-7 59,-3 59,-5 59,-6 35,19 59,-12 59,-16 59,-14 59,-9 59,-14 59,-10 59,-14 59,-9 59,-4 45,4 59,-28 59,-18 59,-1 59,-5 59,-12 59,-6 59,-1 59,-8 59,-19 59,-11 24,26 59,-4 59,-10 59,-12 59,-12 59,-5 59,-6 59,-11 59,-4 59,-5 59,-6 59,-13 59,-10 59,-12 59,-7 59,-16 59,-9 59,-5 59,-3 59,-10 59,-11 59,-19 34,8 59,-13 
59,-5 59,-6 59,-6 59,-2 59,-5 59,-9 41,10 59,-7 59,-6 59,-4 59,-3 59,-8 59,-9 59,-3 59,-8 59,-7 59,-1 59,-5 59,-4 59,-1 59,-10 59,-10 59,-5 59,-2 59,-2 59,-9 59,-3 59,-3 59,-9 59,-10 59,-4 59,-3 59,-5 59,-3 59,-6 59,-6 59,-9 59,-5 59,-3 59,-9 59,-14 59,-15 59,-8 59,-15 51,-8 59,-7 59,-14 59,-16 59,-14 59,-13 59,-5 59,-5 59,-2 59,-15 59,-14 59,-3 59,-6 59,-8 59,-5 59,-7 59,-4 59,-7 59,-4 59,-7 59,-9 59,-22 59,-13 59,-13 59,-17 59,-17 59,-10 59,-16 59,-20 59,-15 59,-13 59,-3 59,-8 59,-7 59,-3 59,-5 59,-6 59,-5 59,-12 59,-16 59,-14 59,-9 35,10 59,-10 59,-14 59,-9 59,-4 59,-10 59,-28 59,-18 59,-1 36,18 59,-12 59,-6 59,-1 59,-8 59,-19 59,-11 59,-9 59,-4 59,-10 59,-12 41,6 59,-5 59,-6 59,-11 59,-4 59,-5 59,-6 59,-13 59,-10 45,2 59,-7 59,-16 59,-9 59,-5 59,-3 59,-10 59,-11 59,-19 59,-17 59,-13 
59,-5 59,-6 59,-6 59,-2 59,-5 59,-9 59,-8 32,20 59,-6 59,-4 59,-3 59,-8 59,-9 59,-3 59,-8 59,-7 59,-1 59,-5 59,-4 59,-1 59,-10 59,-10 59,-5 59,-2 59,-2 59,-9 59,-3 59,-3 59,-9 59,-10 59,-4 44,12 59,-5 59,-3 59,-6 59,-6 59,-9 59,-5 59,-3 59,-9 59,-14 42,2 59,-8 59,-15 59,-16 59,-7 59,-14 59,-16 59,-14 59,-13 59,-5 59,-5 59,-2 59,-15 24,21 59,-3 59,-6 59,-8 59,-5 59,-7 59,-4 59,-7 59,-4 44,8 59,-9 59,-22 59,-13 59,-13 59,-17 59,-17 59,-10 59,-16 45,-6 59,-15 59,-13 59,-3 59,-8 59,-7 59,-3 59,-5 59,-6 59,-5 59,-12 59,-16 59,-14 59,-9 59,-14 59,-10 59,-14 59,-9 59,-4 59,-10 59,-28 59,-18 59,-1 59,-5 59,-12 59,-6 59,-1 59,-8 59,-19 59,-11 59,-9 59,-4 59,-10 59,-12 59,-12 59,-5 59,-6 59,-11 59,-4 59,-5 59,-6 59,-13 59,-10 59,-12 59,-7 59,-16 59,-9 59,-5 59,-3 59,-10 59,-11 59,-19 59,-17 59,-13 
59,-5 59,-6 59,-6 59,-2 59,-5 59,-9 59,-8 59,-7 35,18 59,-4 59,-3 59,-8 59,-9 59,-3 59,-8 59,-7 59,-1 59,-5 59,-4 59,-1 59,-10 59,-10 59,-5 59,-2 59,-2 59,-9 59,-3 59,-3 59,-9 59,-10 45,10 59,-3 59,-5 59,-3 59,-6 59,-6 59,-9 59,-5 42,14 59,-9 59,-14 59,-15 48,3 59,-15 59,-16 59,-7 59,-14 59,-16 59,-14 59,-13 59,-5 59,-5 25,32 59,-15 59,-14 59,-3 59,-6 59,-8 59,-5 59,-7 59,-4 59,-7 59,-4 59,-7 59,-9 59,-22 59,-13 59,-13 59,-17 59,-17 59,-10 59,-16 59,-20 59,-15 59,-13 59,-3 59,-8 59,-7 59,-3 59,-5 59,-6 59,-5 59,-12 59,-16 59,-14 59,-9 59,-14 59,-10 59,-14 59,-9 59,-4 59,-10 59,-28 59,-18 59,-1 59,-5 59,-12 59,-6 59,-1 59,-8 44,-4 59,-11 59,-9 59,-4 59,-10 59,-12 59,-12 59,-5 59,-6 59,-11 59,-4 59,-5 59,-6 59,-13 59,-10 59,-12 59,-7 59,-16 59,-9 59,-5 59,-3 59,-10 59,-11 59,-19 59,-17 59,-13 
59,-5 59,-6 59,-6 59,-2 59,-5 59,-9 59,-8 59,-7 59,-6 59,-4 41,15 59,-8 59,-9 59,-3 59,-8 59,-7 59,-1 59,-5 59,-4 59,-1 59,-10 59,-10 59,-5 59,-2 59,-2 59,-9 59,-3 59,-3 59,-9 59,-10 59,-4 59,-3 59,-5 59,-3 59,-6 59,-6 59,-9 59,-5 59,-3 59,-9 59,-14 59,-15 59,-8 59,-15 59,-16 59,-7 59,-14 59,-16 59,-14 59,-13 59,-5 59,-5 59,-2 59,-15 59,-14 59,-3 59,-6 59,-8 59,-5 59,-7 59,-4 59,-7 59,-4 59,-7 59,-9 53,-16 59,-13 59,-13 59,-17 59,-17 59,-10 59,-16 59,-20 59,-15 45,1 59,-3 59,-8 59,-7 59,-3 59,-5 59,-6 59,-5 59,-12 59,-16 35,10 59,-9 59,-14 59,-10 59,-14 59,-9 59,-4 59,-10 59,-28 59,-18 59,-1 59,-5 59,-12 59,-6 59,-1 59,-8 59,-19 59,-11 59,-9 59,-4 59,-10 59,-12 59,-12 29,25 59,-6 59,-11 59,-4 59,-5 59,-6 59,-13 59,-10 59,-12 59,-7 59,-16 59,-9 59,-5 34,22 59,-10 59,-11 59,-19 59,-17 59,-13 
59,-5 59,-6 59,-6 59,-2 59,-5 59,-9 59,-8 59,-7 59,-6 59,-4 59,-3 36,15 59,-9 59,-3 59,-8 59,-7 59,-1 59,-5 59,-4 59,-1 59,-10 59,-10 59,-5 45,12 59,-2 59,-9 59,-3 59,-3 59,-9 45,4 59,-4 59,-3 59,-5 59,-3 59,-6 59,-6 59,-9 59,-5 59,-3 59,-9 59,-14 59,-15 59,-8 59,-15 59,-16 59,-7 59,-14 59,-16 59,-14 59,-13 33,21 59,-5 59,-2 59,-15 59,-14 59,-3 59,-6 59,-8 59,-5 59,-7 59,-4 59,-7 44,11 59,-7 59,-9 59,-22 59,-13 59,-13 59,-17 59,-17 59,-10 59,-16 59,-20 59,-15 59,-13 59,-3 59,-8 59,-7 59,-3 59,-5 59,-6 59,-5 59,-12 59,-16 59,-14 59,-9 59,-14 59,-10 59,-14 59,-9 59,-4 59,-10 59,-28 59,-18 59,-1 59,-5 59,-12 59,-6 59,-1 59,-8 59,-19 59,-11 59,-9 42,13 59,-10 59,-12 59,-12 59,-5 59,-6 59,-11 59,-4 59,-5 59,-6 59,-13 59,-10 59,-12 59,-7 59,-16 59,-9 59,-5 59,-3 59,-10 59,-11 59,-19 59,-17 59,-13 
59,-5 59,-6 59,-6 59,-2 59,-5 59,-9 59,-8 59,-7 59,-6 59,-4 59,-3 59,-8 35,15 59,-3 59,-8 59,-7 59,-1 59,-5 59,-4 59,-1 59,-10 59,-10 59,-5 59,-2 59,-2 59,-9 59,-3 59,-3 59,-9 59,-10 59,-4 59,-3 59,-5 59,-3 59,-6 59,-6 59,-9 44,10 59,-3 59,-9 59,-14 59,-15 59,-8 59,-15 59,-16 59,-7 42,3 59,-16 59,-14 59,-13 59,-5 59,-5 59,-2 59,-15 59,-14 59,-3 24,29 59,-8 59,-5 59,-7 59,-4 59,-7 59,-4 59,-7 59,-9 59,-22 59,-13 59,-13 59,-17 59,-17 59,-10 59,-16 59,-20 48,-4 59,-13 59,-3 59,-8 59,-7 59,-3 59,-5 59,-6 59,-5 59,-12 59,-16 59,-14 59,-9 59,-14 59,-10 59,-14 59,-9 59,-4 59,-10 59,-28 59,-18 59,-1 59,-5 59,-12 59,-6 44,14 59,-8 59,-19 59,-11 59,-9 59,-4 59,-10 59,-12 59,-12 59,-5 59,-6 59,-11 59,-4 59,-5 59,-6 59,-13 59,-10 59,-12 59,-7 59,-16 59,-9 59,-5 59,-3 59,-10 59,-11 59,-19 59,-17 59,-13 
59,-5 59,-11 59,-11 59,-7 59,-10 59,-14 59,-13 59,-12 59,-11 59,-9 59,-8 59,-13 59,-14 39,12 59,-13 59,-12 59,-6 59,-10 59,-9 59,-6 59,-15 59,-15 59,-10 59,-7 59,-7 59,-14 59,-8 59,-8 59,-14 59,-15 59,-9 59,-8 59,-10 59,-8 44,4 59,-11 59,-14 59,-10 59,-8 59,-14 59,-14 59,-15 59,-8 59,-20 59,-21 59,-12 59,-19 59,-21 59,-19 59,-18 59,-10 22,27 59,-7 59,-20 59,-19 59,-8 59,-11 59,-13 59,-10 59,-12 42,8 59,-12 59,-9 59,-12 59,-14 59,-27 59,-18 59,-18 59,-22 59,-22 59,-15 59,-21 59,-25 59,-20 59,-18 59,-8 59,-13 59,-12 59,-8 59,-10 59,-11 59,-10 59,-17 59,-21 59,-19 59,-14 59,-19 59,-15 59,-19 59,-14 48,2 59,-15 59,-33 59,-23 59,-6 59,-10 59,-17 59,-11 59,-6 59,-13 59,-24 44,-1 59,-14 59,-9 59,-15 59,-17 59,-17 59,-10 59,-11 59,-16 59,-9 59,-10 59,-11 59,-13 59,-15 59,-17 59,-12 59,-21 59,-14 59,-10 59,-8 59,-15 59,-16 59,-24 59,-22 59,-18 
59,-11 59,-6 59,-12 59,-8 59,-11 59,-15 59,-14 59,-13 59,-12 59,-10 59,-9 59,-14 59,-15 59,-9 32,13 59,-13 59,-7 59,-11 59,-10 59,-7 59,-16 59,-16 59,-11 59,-8 59,-8 59,-15 27,23 59,-9 59,-15 59,-16 59,-10 59,-9 59,-11 59,-9 59,-12 59,-12 59,-15 59,-11 59,-9 59,-15 59,-20 59,-21 59,-14 59,-15 59,-16 59,-7 59,-20 59,-22 59,-20 59,-19 59,-11 59,-11 59,-8 59,-21 59,-20 59,-9 59,-12 59,-14 59,-11 59,-13 59,-10 51,-5 59,-10 59,-13 59,-15 59,-28 59,-19 59,-19 59,-23 59,-23 59,-16 59,-22 59,-26 59,-21 59,-19 21,29 59,-14 59,-13 59,-9 59,-11 59,-12 59,-11 59,-18 59,-22 59,-20 59,-15 59,-20 59,-16 59,-20 59,-15 59,-10 59,-16 59,-34 59,-24 59,-7 59,-11 45,-4 59,-12 59,-7 59,-14 59,-25 59,-17 59,-15 59,-10 59,-16 59,-18 59,-18 59,-11 59,-12 59,-17 59,-10 59,-11 50,-3 59,-19 59,-10 59,-18 59,-13 59,-22 59,-15 59,-11 59,-9 59,-16 59,-17 59,-25 59,-23 59,-19 
59,-11 59,-12 59,-6 59,-8 59,-11 59,-15 59,-14 59,-13 59,-12 59,-10 59,-9 59,-14 59,-15 59,-9 59,-14 35,11 59,-7 59,-11 59,-10 59,-7 59,-16 59,-16 59,-11 59,-8 59,-8 59,-15 59,-9 59,-9 59,-15 59,-16 59,-10 59,-9 59,-11 59,-9 59,-12 45,2 59,-15 59,-11 59,-9 59,-15 59,-20 59,-21 59,-14 59,-21 59,-22 59,-13 59,-14 59,-16 59,-14 59,-13 59,-11 59,-11 59,-8 20,18 59,-20 59,-9 59,-12 59,-14 59,-11 59,-13 59,-10 59,-13 59,-10 59,-13 59,-15 59,-28 59,-19 59,-19 39,-3 59,-23 59,-16 59,-16 59,-26 59,-21 59,-19 59,-9 59,-14 59,-13 59,-9 59,-11 59,-12 59,-11 59,-18 59,-22 59,-20 59,-15 59,-20 59,-16 59,-20 59,-15 59,-10 59,-16 59,-34 59,-24 59,-7 59,-11 59,-18 44,3 59,-7 59,-14 59,-25 59,-17 59,-15 59,-10 59,-16 59,-18 59,-18 59,-11 59,-12 59,-17 59,-10 59,-11 59,-12 42,-2 59,-16 59,-18 59,-13 59,-22 59,-15 59,-11 59,-9 59,-16 59,-17 59,-25 59,-23 59,-19 
59,-5 59,-6 59,-6 59,-2 59,-5 59,-9 59,-8 59,-7 59,-6 59,-4 59,-3 59,-8 59,-9 59,-3 59,-8 59,-7 45,13 59,-5 59,-4 59,-1 59,-10 59,-10 59,-5 59,-2 59,-2 59,-9 59,-3 59,-3 59,-9 59,-10 59,-4 59,-3 59,-5 59,-3 59,-6 59,-6 59,-9 59,-5 59,-3 59,-9 59,-14 59,-15 59,-8 59,-15 59,-16 59,-7 59,-14 59,-16 41,4 59,-13 59,-5 59,-5 59,-2 59,-15 59,-14 59,-3 59,-6 59,-8 59,-5 59,-7 59,-4 59,-7 59,-4 59,-7 59,-9 59,-22 59,-13 59,-13 59,-17 59,-17 59,-10 59,-16 59,-20 59,-15 59,-13 59,-3 59,-8 59,-7 26,30 59,-5 59,-6 59,-5 59,-12 59,-16 59,-14 59,-9 59,-14 59,-10 59,-14 59,-9 59,-4 59,-10 59,-28 53,-12 59,-1 59,-5 59,-12 59,-6 59,-1 59,-8 59,-19 59,-11 59,-9 59,-4 42,7 59,-12 59,-12 59,-5 59,-6 59,-11 59,-4 59,-5 59,-6 59,-13 59,-10 59,-12 59,-7 59,-16 59,-9 51,3 59,-3 59,-10 59,-11 59,-19 59,-17 59,-13 
59,-7 59,-8 59,-8 59,-2 59,-7 59,-11 59,-10 59,-9 59,-8 59,-6 59,-5 59,-10 59,-11 59,-5 59,-10 59,-9 59,-3 32,20 59,-6 59,-3 59,-12 59,-12 59,-7 59,-4 59,-4 59,-11 59,-5 27,27 59,-11 59,-12 59,-6 59,-5 59,-7 59,-5 59,-8 59,-8 59,-11 59,-7 59,-5 59,-11 59,-16 59,-17 59,-10 59,-17 59,-18 42,8 59,-16 59,-18 59,-16 59,-15 59,-7 59,-7 59,-4 59,-17 59,-16 59,-3 59,-6 59,-8 59,-5 59,-7 59,-4 59,-7 59,-4 59,-9 59,-11 59,-24 59,-15 59,-15 59,-19 59,-19 59,-12 59,-18 59,-22 59,-17 59,-15 59,-5 21,28 59,-9 59,-5 59,-7 59,-8 59,-7 59,-14 59,-18 59,-16 59,-11 59,-16 59,-12 59,-16 59,-11 59,-6 59,-12 59,-30 59,-20 45,11 59,-7 59,-14 59,-8 59,-3 59,-10 59,-21 59,-13 59,-11 59,-6 59,-12 59,-14 59,-14 59,-7 59,-8 59,-13 59,-6 59,-7 59,-8 59,-15 59,-12 59,-14 59,-9 59,-18 59,-11 59,-7 59,-5 59,-12 59,-11 50,-12 59,-19 59,-15 
59,-10 59,-11 59,-11 59,-7 59,-5 59,-14 59,-13 59,-12 59,-11 59,-9 59,-8 59,-13 59,-14 59,-8 59,-13 59,-12 59,-6 59,-10 59,-9 59,-6 35,9 59,-15 59,-10 59,-7 59,-7 59,-14 59,-8 59,-8 59,-14 59,-15 59,-9 59,-8 45,4 59,-8 59,-11 59,-11 59,-14 59,-10 59,-8 59,-14 59,-19 59,-20 59,-13 59,-20 59,-21 59,-12 59,-19 59,-21 59,-19 59,-18 59,-10 59,-10 59,-7 59,-20 59,-19 59,-8 59,-11 59,-13 20,29 59,-12 59,-9 59,-12 59,-9 59,-7 59,-9 59,-22 39,7 59,-13 59,-17 59,-22 59,-15 59,-21 59,-25 59,-20 59,-18 59,-8 59,-13 59,-12 59,-8 59,-10 59,-11 59,-10 59,-17 59,-21 59,-19 59,-14 59,-19 59,-15 59,-19 59,-14 59,-9 59,-15 59,-33 59,-23 59,-6 59,-10 59,-17 59,-11 59,-6 59,-13 59,-24 59,-16 59,-14 59,-9 59,-15 59,-17 59,-17 59,-10 59,-11 59,-16 59,-9 42,7 59,-11 59,-18 59,-15 59,-17 59,-12 44,-6 59,-14 59,-10 59,-8 59,-15 59,-16 59,-24 59,-22 59,-18 
59,-14 59,-15 59,-15 59,-11 59,-14 59,-9 59,-17 59,-16 59,-15 59,-13 59,-12 59,-17 59,-18 59,-12 59,-17 59,-16 59,-10 59,-14 59,-13 59,-10 59,-19 59,-19 48,-3 59,-11 59,-11 59,-18 59,-12 59,-12 59,-18 59,-19 59,-13 59,-12 59,-14 45,2 59,-15 59,-15 59,-18 59,-14 59,-12 59,-18 59,-23 59,-24 59,-17 59,-24 59,-25 59,-16 59,-23 59,-25 59,-23 59,-22 59,-14 59,-14 59,-11 59,-24 59,-23 59,-12 59,-15 30,12 59,-14 59,-16 59,-13 59,-16 59,-13 59,-16 59,-18 59,-31 59,-22 39,-2 59,-26 59,-17 59,-19 59,-25 59,-20 59,-24 59,-22 59,-12 59,-17 59,-16 59,-12 59,-14 59,-15 59,-14 59,-21 59,-25 59,-23 59,-18 59,-23 59,-19 59,-23 59,-18 59,-13 59,-19 59,-37 59,-27 59,-10 59,-14 59,-21 59,-15 59,-10 59,-17 59,-28 59,-20 59,-18 59,-13 59,-19 42,-4 59,-21 59,-14 59,-15 59,-20 59,-13 59,-14 59,-15 59,-22 59,-19 59,-21 44,-1 59,-25 59,-18 59,-14 59,-12 59,-19 59,-20 59,-19 59,-26 59,-22 
59,-13 59,-14 59,-14 59,-10 59,-13 59,-17 59,-8 59,-15 59,-14 59,-12 59,-11 59,-16 59,-17 59,-11 59,-16 59,-15 59,-9 59,-13 59,-12 59,-9 59,-18 59,-18 59,-13 59,-10 59,-10 59,-17 59,-11 59,-11 59,-17 59,-18 59,-12 59,-11 59,-13 59,-11 59,-14 59,-14 44,-2 59,-13 59,-11 59,-17 59,-22 59,-23 59,-16 59,-23 59,-24 59,-15 59,-22 59,-24 59,-22 59,-21 59,-13 59,-13 59,-10 59,-23 59,-22 19,29 59,-14 59,-16 59,-13 42,2 59,-12 59,-15 59,-12 59,-15 59,-17 59,-30 59,-21 59,-21 59,-25 39,-5 59,-10 59,-24 59,-28 59,-23 59,-21 59,-11 59,-16 59,-15 59,-11 59,-13 59,-14 59,-13 59,-20 59,-24 59,-22 59,-17 59,-22 59,-18 59,-22 35,7 59,-12 59,-18 59,-36 59,-26 59,-9 59,-13 59,-20 59,-14 59,-9 44,-1 59,-27 59,-19 59,-17 59,-12 59,-18 59,-20 59,-20 59,-13 59,-14 59,-19 59,-12 59,-13 59,-14 59,-21 59,-18 59,-20 59,-15 59,-24 59,-17 59,-13 59,-11 59,-18 59,-19 59,-27 59,-17 59,-21 
59,-12 59,-13 59,-13 59,-9 59,-12 59,-16 59,-15 59,-7 59,-13 59,-11 59,-10 59,-15 59,-16 59,-10 59,-15 59,-14 59,-8 59,-12 59,-11 59,-8 59,-17 59,-17 59,-12 59,-9 59,-9 59,-16 59,-10 59,-10 59,-16 59,-17 59,-11 59,-10 59,-12 59,-10 59,-13 59,-13 59,-16 59,-12 59,-10 59,-16 59,-21 59,-22 59,-15 59,-22 59,-23 59,-14 59,-21 41,-5 59,-21 59,-20 59,-12 59,-12 59,-9 59,-22 59,-21 59,-10 59,-13 59,-15 59,-12 59,-14 59,-11 59,-14 59,-11 59,-14 59,-16 59,-29 59,-20 59,-20 59,-24 59,-24 59,-17 45,-2 59,-20 59,-22 59,-20 59,-10 59,-15 35,10 59,-10 59,-12 59,-13 59,-12 59,-19 59,-23 59,-21 59,-16 59,-21 59,-17 59,-21 59,-16 59,-11 59,-17 53,-29 59,-25 59,-8 59,-12 59,-19 59,-13 59,-8 59,-15 59,-26 59,-18 59,-16 59,-11 59,-17 59,-19 59,-19 59,-12 59,-13 29,12 59,-11 59,-12 59,-13 59,-20 59,-17 59,-19 59,-14 59,-23 51,-8 59,-12 59,-10 59,-17 59,-18 59,-26 59,-24 59,-13 
