16
1
1
96
18|19|20|21|22|23|24|25|26|27|28|29|30|57|67|85|87|98|99|100|101|102|103|104|105|106|112|130|131|133|134|135|140|141|143|147|148|149|150|161|162|163|166|171|172|173|174|175|176|177|178|179|180|182|183|204|209|236|237|238|239|240|241|242|243|244|245|246|247|251|264|265|266|274|278|279|301|302|303|304|305|306|307|322|326|378|379|380|381|382|383|406|409|417|418|420
59,-5 59,-9 59,-8 59,-7 59,-6 59,-1 32,23 59,-3 59,-8 59,-9 59,-9 59,-1 59,-3 59,-1 59,-10 59,-3 59,-9 59,-10 44,11 59,-3 59,-5 59,-3 59,-6 59,-6 59,-9 59,-5 59,-9 42,8 59,-10 59,-10 59,-8 59,-3 59,-4 59,-4 59,-9 59,-6 59,-10 59,-1 59,-1 59,-5 24,33 59,-5 59,-2 59,-1 59,-4 59,-4 59,-2 59,-3 59,-5 59,-2 59,-5 44,13 59,-7 59,-7 59,-13 59,-14 59,-18 59,-4 59,-9 59,-8 59,-4 59,-5 59,-6 59,-5 59,-12 59,-8 59,-14 59,-9 59,-14 59,-12 59,-10 59,-15 59,-14 59,-15 59,-10 59,-17 59,-10 59,-12 59,-12 59,-5 59,-6 59,-11 59,-4 59,-7 59,-18 59,-6 45,4 59,-2 59,-10 59,-10 59,-1 59,-3 59,-8 59,-9 59,-11 59,-17 
59,-5 59,-9 59,-8 59,-7 59,-6 59,-1 59,-4 59,-3 59,-8 59,-9 59,-9 59,-1 40,16 59,-1 59,-10 59,-3 59,-9 59,-10 59,-4 45,11 59,-5 59,-3 59,-6 59,-6 59,-9 59,-5 42,8 59,-9 59,-10 59,-10 59,-8 59,-3 59,-4 59,-4 59,-9 59,-6 59,-10 59,-1 59,-1 34,20 59,-2 59,-5 59,-2 59,-1 59,-4 59,-4 59,-2 59,-3 59,-5 59,-2 59,-5 59,-2 59,-7 59,-7 59,-13 45,0 59,-18 59,-4 59,-9 59,-8 59,-4 59,-5 44,9 59,-5 59,-12 59,-8 59,-14 59,-9 59,-14 59,-12 59,-10 59,-15 59,-14 59,-15 59,-10 59,-17 59,-10 59,-12 59,-12 59,-5 59,-6 59,-11 59,-4 59,-7 59,-18 59,-6 59,-10 59,-2 59,-10 59,-10 59,-1 59,-3 59,-8 59,-9 59,-11 59,-17 
59,-5 59,-9 59,-8 59,-7 59,-6 59,-1 59,-4 40,16 59,-8 59,-9 59,-9 59,-1 59,-3 59,-1 59,-10 59,-3 59,-9 59,-10 59,-4 59,-3 59,-5 59,-3 59,-6 44,9 59,-9 59,-5 59,-9 59,-9 59,-10 59,-10 59,-8 59,-3 59,-4 59,-4 59,-9 59,-6 59,-10 59,-1 59,-1 59,-5 59,-2 33,21 59,-2 59,-1 59,-4 59,-4 59,-2 59,-3 59,-5 42,15 59,-5 59,-2 59,-7 59,-7 59,-13 59,-14 59,-18 59,-4 59,-9 59,-8 59,-4 59,-5 59,-6 59,-5 59,-12 59,-8 44,1 59,-9 59,-14 59,-12 59,-10 59,-15 59,-14 59,-15 59,-10 59,-17 59,-10 59,-12 59,-12 59,-5 59,-6 59,-11 59,-4 59,-7 59,-18 59,-6 59,-10 45,12 59,-10 59,-10 59,-1 59,-3 59,-8 59,-9 59,-11 59,-17 
59,-5 59,-9 59,-8 59,-7 59,-6 36,22 59,-4 59,-3 59,-8 59,-9 59,-9 59,-1 59,-3 59,-1 59,-10 59,-3 59,-9 59,-10 59,-4 59,-3 44,10 59,-3 59,-6 59,-6 59,-9 59,-5 59,-9 59,-9 59,-10 59,-10 59,-8 59,-3 59,-4 59,-4 59,-9 59,-6 42,7 59,-1 59,-1 59,-5 59,-2 59,-5 19,38 59,-1 59,-4 59,-4 59,-2 59,-3 59,-5 59,-2 59,-5 59,-2 44,8 59,-7 59,-13 59,-14 59,-18 59,-4 59,-9 59,-8 59,-4 59,-5 59,-6 59,-5 59,-12 59,-8 59,-14 59,-9 59,-14 45,2 59,-10 59,-15 59,-14 59,-15 59,-10 59,-17 59,-10 59,-12 59,-12 59,-5 59,-6 59,-11 59,-4 59,-7 59,-18 59,-6 59,-10 59,-2 59,-10 59,-10 59,-1 59,-3 59,-8 59,-9 59,-11 59,-17 
59,-5 59,-9 59,-8 59,-7 59,-6 59,-1 59,-4 59,-3 59,-8 59,-9 59,-9 35,23 59,-3 59,-1 59,-10 59,-3 59,-9 59,-10 59,-4 59,-3 59,-5 59,-3 44,9 59,-6 59,-9 59,-5 59,-9 59,-9 59,-10 59,-10 59,-8 59,-3 59,-4 59,-4 59,-9 59,-6 59,-10 42,16 59,-1 59,-5 59,-2 59,-5 59,-2 24,34 59,-4 59,-4 59,-2 59,-3 59,-5 59,-2 59,-5 59,-2 59,-7 59,-7 59,-13 59,-14 59,-18 59,-4 59,-9 59,-8 59,-4 59,-5 59,-6 59,-5 59,-12 59,-8 59,-14 59,-9 59,-14 59,-12 59,-10 59,-15 59,-14 59,-15 59,-10 44,-2 59,-10 59,-12 59,-12 59,-5 59,-6 59,-11 59,-4 59,-7 59,-18 48,5 59,-10 59,-2 59,-10 59,-10 59,-1 59,-3 59,-8 59,-9 59,-11 59,-17 
59,-5 59,-9 40,11 59,-7 59,-6 59,-1 59,-4 59,-3 59,-8 59,-9 59,-9 59,-1 59,-3 59,-1 59,-10 59,-3 59,-9 44,5 59,-4 59,-3 59,-5 59,-3 59,-6 59,-6 59,-9 59,-5 59,-9 59,-9 42,7 59,-10 59,-8 59,-3 59,-4 59,-4 59,-9 59,-6 59,-10 59,-1 59,-1 59,-5 59,-2 59,-5 59,-2 59,-1 33,22 59,-4 59,-2 59,-3 59,-5 59,-2 59,-5 59,-2 59,-7 59,-7 59,-13 59,-14 45,-4 59,-4 59,-9 44,7 59,-4 59,-5 59,-6 59,-5 59,-12 59,-8 59,-14 59,-9 59,-14 59,-12 59,-10 59,-15 59,-14 59,-15 59,-10 59,-17 59,-10 59,-12 59,-12 59,-5 59,-6 59,-11 59,-4 59,-7 59,-18 59,-6 59,-10 59,-2 59,-10 59,-10 59,-1 59,-3 59,-8 59,-9 59,-11 59,-17 
59,-5 59,-9 59,-8 59,-7 59,-6 59,-1 59,-4 59,-3 59,-8 59,-9 59,-9 59,-1 59,-3 59,-1 59,-10 59,-3 59,-9 59,-10 59,-4 59,-3 59,-5 44,12 59,-6 59,-6 59,-9 59,-5 59,-9 59,-9 59,-10 59,-10 59,-8 59,-3 59,-4 59,-4 59,-9 59,-6 59,-10 59,-1 59,-1 59,-5 59,-2 59,-5 59,-2 59,-1 59,-4 59,-4 30,27 59,-3 59,-5 59,-2 42,12 59,-2 59,-7 59,-7 59,-13 59,-14 59,-18 59,-4 59,-9 59,-8 59,-4 39,15 59,-6 59,-5 59,-12 59,-8 59,-14 59,-9 59,-14 59,-12 59,-10 59,-15 59,-14 59,-15 59,-10 59,-17 59,-10 59,-12 59,-12 59,-5 59,-6 59,-11 59,-4 40,12 59,-18 59,-6 59,-10 59,-2 59,-10 39,10 59,-1 59,-3 59,-8 59,-9 59,-11 59,-17 
59,-5 59,-9 59,-8 59,-7 59,-6 59,-1 59,-4 59,-3 59,-8 59,-9 35,15 59,-1 59,-3 59,-1 59,-10 59,-3 59,-9 59,-10 59,-4 59,-3 59,-5 59,-3 59,-6 59,-6 59,-9 44,10 59,-9 59,-9 59,-10 59,-10 59,-8 59,-3 59,-4 59,-4 59,-9 59,-6 59,-10 59,-1 59,-1 59,-5 59,-2 59,-5 59,-2 59,-1 59,-4 59,-4 59,-2 24,32 42,12 59,-2 59,-5 59,-2 59,-7 59,-7 59,-13 59,-14 59,-18 59,-4 59,-9 59,-8 59,-4 59,-5 59,-6 59,-5 59,-12 59,-8 59,-14 59,-9 59,-14 59,-12 59,-10 59,-15 59,-14 59,-15 44,5 59,-17 59,-10 59,-12 59,-12 59,-5 59,-6 59,-11 59,-4 59,-7 59,-18 59,-6 59,-10 59,-2 48,1 59,-10 59,-1 59,-3 59,-8 59,-9 59,-11 59,-17 
59,-5 59,-9 59,-8 59,-7 59,-6 59,-1 59,-4 59,-3 59,-8 59,-9 59,-9 59,-1 59,-3 59,-1 59,-10 59,-3 59,-9 59,-10 59,-4 59,-3 59,-5 59,-3 59,-6 59,-6 44,6 59,-5 59,-9 59,-9 59,-10 59,-10 59,-8 59,-3 59,-4 59,-4 59,-9 42,11 59,-10 59,-1 59,-1 59,-5 59,-2 59,-5 59,-2 59,-1 59,-4 30,25 59,-2 59,-3 59,-5 59,-2 59,-5 59,-2 59,-7 59,-7 59,-13 59,-14 59,-18 59,-4 59,-9 59,-8 59,-4 59,-5 59,-6 39,15 59,-12 59,-8 59,-14 59,-9 59,-14 59,-12 59,-10 59,-15 59,-14 59,-15 59,-10 59,-17 59,-10 59,-12 59,-12 59,-5 59,-6 59,-11 59,-4 59,-7 40,1 59,-6 59,-10 59,-2 59,-10 59,-10 39,19 59,-3 59,-8 59,-9 59,-11 59,-17 
36,18 59,-9 59,-8 59,-7 59,-6 59,-1 59,-4 59,-3 59,-8 59,-9 59,-9 59,-1 59,-3 59,-1 45,4 59,-3 41,9 59,-10 59,-4 59,-3 59,-5 59,-3 59,-6 59,-6 59,-9 59,-5 59,-9 59,-9 59,-10 59,-10 59,-8 59,-3 59,-4 59,-4 59,-9 59,-6 59,-10 59,-1 51,7 59,-5 59,-2 59,-5 59,-2 59,-1 59,-4 59,-4 59,-2 59,-3 59,-5 59,-2 59,-5 59,-2 59,-7 59,-7 59,-13 59,-14 59,-18 59,-4 59,-9 59,-8 59,-4 59,-5 59,-6 59,-5 59,-12 59,-8 59,-14 12,38 59,-14 59,-12 59,-10 59,-15 59,-14 59,-15 59,-10 59,-17 59,-10 59,-12 59,-12 59,-5 50,3 59,-11 59,-4 59,-7 59,-18 59,-6 59,-10 59,-2 59,-10 59,-10 59,-1 59,-3 59,-8 59,-9 59,-11 59,-17 
59,-5 59,-9 59,-8 59,-7 59,-6 59,-1 59,-4 59,-3 41,10 59,-9 59,-9 59,-1 59,-3 59,-1 59,-10 59,-3 59,-9 59,-10 59,-4 59,-3 59,-5 59,-3 59,-6 59,-6 59,-9 59,-5 59,-9 59,-9 59,-10 59,-10 59,-8 59,-3 45,10 59,-4 59,-9 59,-6 59,-10 59,-1 59,-1 59,-5 59,-2 59,-5 59,-2 59,-1 59,-4 59,-4 59,-2 59,-3 59,-5 59,-2 59,-5 59,-2 59,-7 59,-7 59,-13 59,-14 59,-18 59,-4 59,-9 59,-8 59,-4 59,-5 59,-6 59,-5 59,-12 59,-8 59,-14 59,-9 35,10 59,-12 59,-10 59,-15 53,-8 59,-15 59,-10 59,-17 59,-10 59,-12 59,-12 59,-5 59,-6 59,-11 25,30 59,-7 59,-18 59,-6 59,-10 59,-2 59,-10 59,-10 59,-1 59,-3 59,-8 59,-9 59,-11 34,8 
59,-5 59,-9 59,-8 59,-7 59,-6 59,-1 59,-4 59,-3 59,-8 41,9 59,-9 59,-1 59,-3 59,-1 59,-10 59,-3 59,-9 59,-10 59,-4 59,-3 59,-5 59,-3 59,-6 59,-6 59,-9 59,-5 59,-9 59,-9 59,-10 59,-10 59,-8 59,-3 59,-4 45,10 59,-9 59,-6 59,-10 59,-1 59,-1 59,-5 59,-2 59,-5 59,-2 59,-1 59,-4 59,-4 59,-2 59,-3 59,-5 59,-2 59,-5 59,-2 59,-7 59,-7 59,-13 59,-14 59,-18 59,-4 35,15 59,-8 59,-4 59,-5 59,-6 59,-5 59,-12 59,-8 59,-14 59,-9 59,-14 59,-12 59,-10 53,-9 59,-14 59,-15 59,-10 59,-17 59,-10 59,-12 59,-12 59,-5 59,-6 25,23 59,-4 59,-7 59,-18 59,-6 59,-10 59,-2 59,-10 59,-10 59,-1 34,22 59,-8 59,-9 59,-11 59,-17 
59,-5 41,9 59,-8 59,-7 59,-6 59,-1 59,-4 59,-3 59,-8 59,-9 59,-9 59,-1 59,-3 34,24 59,-10 59,-3 59,-9 59,-10 59,-4 59,-3 59,-5 59,-3 59,-6 59,-6 59,-9 59,-5 59,-9 59,-9 59,-10 59,-10 59,-8 59,-3 59,-4 59,-4 45,5 59,-6 59,-10 59,-1 59,-1 59,-5 59,-2 59,-5 59,-2 59,-1 59,-4 59,-4 59,-2 59,-3 59,-5 59,-2 59,-5 59,-2 59,-7 59,-7 59,-13 59,-14 59,-18 59,-4 59,-9 59,-8 59,-4 59,-5 59,-6 59,-5 59,-12 35,16 59,-14 59,-9 59,-14 59,-12 53,-4 59,-15 59,-14 59,-15 59,-10 59,-17 59,-10 59,-12 59,-12 25,29 59,-6 59,-11 59,-4 59,-7 59,-18 59,-6 59,-10 59,-2 59,-10 59,-10 59,-1 59,-3 59,-8 59,-9 59,-11 59,-17 
59,-5 59,-9 59,-8 59,-7 41,12 59,-1 59,-4 59,-3 59,-8 59,-9 59,-9 59,-1 59,-3 59,-1 59,-10 59,-3 59,-9 59,-10 59,-4 59,-3 59,-5 59,-3 59,-6 59,-6 59,-9 59,-5 59,-9 59,-9 59,-10 45,4 59,-8 59,-3 59,-4 59,-4 59,-9 59,-6 59,-10 59,-1 59,-1 59,-5 59,-2 59,-5 59,-2 59,-1 59,-4 59,-4 59,-2 59,-3 59,-5 59,-2 59,-5 59,-2 59,-7 59,-7 53,-7 59,-14 59,-18 59,-4 59,-9 59,-8 59,-4 59,-5 59,-6 59,-5 35,12 59,-8 59,-14 59,-9 59,-14 59,-12 59,-10 59,-15 59,-14 59,-15 59,-10 59,-17 59,-10 59,-12 29,18 59,-5 59,-6 59,-11 59,-4 59,-7 59,-18 59,-6 59,-10 59,-2 59,-10 59,-10 59,-1 59,-3 59,-8 59,-9 34,14 59,-17 
59,-5 59,-9 59,-8 41,11 59,-6 59,-1 59,-4 59,-3 59,-8 59,-9 59,-9 59,-1 59,-3 59,-1 59,-10 59,-3 59,-9 59,-10 59,-4 59,-3 59,-5 59,-3 59,-6 59,-6 59,-9 59,-5 59,-9 59,-9 59,-10 59,-10 45,6 59,-3 59,-4 59,-4 59,-9 59,-6 59,-10 59,-1 59,-1 59,-5 59,-2 59,-5 59,-2 59,-1 59,-4 59,-4 59,-2 59,-3 59,-5 59,-2 59,-5 59,-2 59,-7 59,-7 59,-13 59,-14 59,-18 59,-4 59,-9 59,-8 35,20 59,-5 59,-6 59,-5 59,-12 59,-8 59,-14 59,-9 59,-14 59,-12 59,-10 59,-15 59,-14 53,-9 59,-10 59,-17 59,-10 33,14 59,-12 59,-5 59,-6 59,-11 59,-4 59,-7 59,-18 59,-6 59,-10 59,-2 59,-10 59,-10 59,-1 59,-3 59,-8 51,-1 59,-11 59,-17 
59,-5 59,-9 59,-8 59,-7 59,-6 59,-1 59,-4 59,-3 59,-8 59,-9 59,-9 59,-1 59,-3 59,-1 59,-10 41,15 59,-9 59,-10 59,-4 59,-3 59,-5 59,-3 59,-6 59,-6 59,-9 59,-5 59,-9 59,-9 59,-10 59,-10 59,-8 45,11 59,-4 59,-4 59,-9 59,-6 59,-10 59,-1 59,-1 59,-5 59,-2 59,-5 59,-2 59,-1 59,-4 59,-4 59,-2 59,-3 59,-5 59,-2 59,-5 59,-2 59,-7 53,-1 59,-13 59,-14 59,-18 35,20 59,-9 59,-8 59,-4 59,-5 59,-6 59,-5 59,-12 59,-8 59,-14 59,-9 59,-14 59,-12 59,-10 59,-15 59,-14 59,-15 59,-10 59,-17 25,24 59,-12 59,-12 59,-5 59,-6 59,-11 59,-4 59,-7 59,-18 59,-6 59,-10 59,-2 59,-10 59,-10 59,-1 59,-3 34,17 59,-9 59,-11 59,-17 
