1 19
1 20
1 21
1 22
1 23
1 28
1 29
1 30
1 14
1 15
1 16
1 17
1 18
1 24
1 25
1 31
1 32
1 34
1 35
1 36
1 37
1 94
1 95
1 96
1 97
2 81
2 82
2 83
2 84
2 85
2 74
2 75
2 76
2 77
2 86
2 87
2 88
2 89
2 94
2 95
2 96
2 97
3 56
3 57
3 58
3 59
3 60
3 61
3 94
3 95
3 96
3 97
3 28
3 29
3 30
3 49
3 50
3 51
3 52
3 53
3 54
3 55
3 62
3 63
3 84
3 85
3 98
3 99
3 100
3 122
3 123
3 124
3 358
3 359
4 116
4 117
4 118
4 119
4 120
4 121
4 122
4 123
4 124
4 94
4 95
4 96
4 97
4 106
4 107
4 108
4 109
4 110
4 111
4 112
4 113
4 125
4 126
4 127
4 128
4 129
4 130
4 208
4 209
4 210
4 211
5 186
5 187
5 188
5 189
5 190
5 191
5 203
5 204
5 169
5 170
5 171
5 172
5 173
5 174
5 175
5 176
5 177
5 178
5 179
5 180
5 181
5 192
5 193
5 194
5 195
5 196
5 197
5 198
5 205
5 206
5 207
6 195
6 196
6 197
6 198
6 205
6 206
6 207
6 186
6 187
6 188
6 189
6 190
6 191
6 192
6 193
6 194
6 199
6 200
6 201
6 202
6 203
6 204
6 208
6 209
6 210
6 211
7 208
7 209
7 210
7 211
7 212
7 213
7 214
7 215
7 122
7 123
7 124
7 151
7 152
7 153
7 154
7 155
7 156
7 157
7 158
7 159
7 199
7 200
7 201
7 202
7 205
7 206
7 207
7 216
7 217
7 218
7 219
7 220
7 221
8 218
8 219
8 220
8 221
8 222
8 223
8 224
8 225
8 226
8 227
8 146
8 147
8 148
8 151
8 152
8 153
8 154
8 155
8 156
8 157
8 158
8 159
8 208
8 209
8 210
8 211
8 228
8 229
8 230
8 231
8 232
8 241
8 242
8 243
8 244
8 245
8 248
8 249
8 250
8 251
8 252
8 253
8 265
8 266
8 364
9 258
9 259
9 260
9 261
9 262
9 263
9 264
9 265
9 266
9 218
9 219
9 220
9 221
9 248
9 249
9 250
9 251
9 252
9 253
9 256
9 257
9 308
9 309
9 310
9 311
9 312
9 313
9 314
9 315
9 316
9 317
9 318