1 7
2 94
3 70
4 104
5 25
6 30
7 8
8 134
9 84
10 125
11 5
12 160
13 33
14 140
15 85
16 111
17 69
18 32
19 87
20 70
21 38
22 28
23 67
24 126
25 48
26 124
27 27
28 64
29 127
30 3
31 101
32 157
33 22
34 133
35 9
36 3
37 142
38 130
39 54
40 149
41 38
42 77
43 36
44 136
45 3
46 70
47 31
48 108
49 7
50 5
51 50
52 134
53 49
54 101
55 120
56 53
57 142
58 112
59 123
60 33
61 12
62 161
63 142
64 116
65 116
66 48
67 119
68 120
69 54
70 1
71 56
72 125
73 93
74 130
75 135
76 74
77 146
78 8
79 38
80 114
81 107
82 122
83 52
84 10
85 65
86 56
87 87
88 12
89 68
90 39
91 160
92 38
93 10
94 165
95 92
96 26
97 136
98 148
99 103
100 113
101 15
102 52
103 61
104 60
105 19
106 143
107 61
108 158
109 39
110 73
111 57
112 23
113 59
114 100
115 148
116 111
117 47
118 120
119 66
120 25
121 90
122 85
123 78
124 161
125 36
126 35
127 138
128 104
129 130
130 60
131 130
132 10
133 126
134 127
135 32
136 146
137 32
138 125
139 125
140 143
141 85
142 29
143 66
144 66
145 72
146 71
147 22
148 76
149 106
150 97
151 2
152 71
153 144
154 37
155 31
