1 263
1 264
1 265
1 266
1 267
1 268
1 269
1 286
1 287
1 329
1 330
1 331
1 332
1 333
1 334
1 335
1 336
1 418
1 419
1 420
1 421
1 422
1 472
1 473
1 474
2 270
2 271
2 272
2 273
2 274
2 275
2 276
2 277
2 278
2 279
2 180
2 181
2 182
2 183
2 184
2 185
2 186
2 187
2 188
2 208
2 209
2 210
2 211
2 283
2 284
2 285
2 323
2 324
2 325
2 326
2 327
2 328
2 333
2 334
2 335
2 336
2 337
2 338
2 339
2 340
2 1781
2 1782
2 1783
2 1784
2 1785
2 1786
3 280
3 281
3 282
3 283
3 284
3 285
3 174
3 175
3 176
3 177
3 178
3 179
3 270
3 271
3 272
3 273
3 274
3 275
3 276
3 294
3 295
3 296
3 303
3 304
3 305
4 288
4 289
4 290
4 291
4 292
4 293
4 346
4 347
4 348
4 796
4 797
4 1796
4 1797
4 1798
4 1799
5 297
5 298
5 299
5 300
5 301
5 302
5 251
5 252
5 253
5 254
5 261
5 262
5 357
5 358
5 359
5 1915
5 1916
5 1917
5 1918
5 1919
6 303
6 304
6 305
6 306
6 307
6 308
6 280
6 281
6 282
6 320
6 321
6 322
6 1955
6 1956
6 1957
6 1958
6 1959
6 1960
6 1965
6 1966
7 309
7 310
7 311
7 312
7 313
7 314
7 315
7 316
7 257
7 258
7 259
7 260
7 317
7 318
7 319
7 329
7 330
7 331
7 332
7 354
7 355
7 356
7 439
7 440
7 441
7 442
7 443
7 1982
7 1983
7 1984
7 1985
7 1986
8 317
8 318
8 319
8 320
8 321
8 322
8 306
8 307
8 308
8 309
8 310
8 311
8 312
8 341
8 342
8 343
8 344
8 345
8 507
8 508
8 509
9 323
9 324
9 325
9 326
9 327
9 328
9 251
9 252
9 253
9 254
9 270
9 271
9 272
9 273
9 274
9 275
9 276
9 277
9 278
9 279
9 337
9 338
9 339
9 340
10 333
10 334
10 335
10 336
10 337
10 338
10 339
10 340
10 263
10 264
10 265
10 266
10 270
10 271
10 272
10 273
10 274
10 275
10 276
10 277
10 278
10 279
10 323
10 324
10 325
10 2057
10 2058
10 2059
10 2060
10 2061
10 2062
10 2063
10 2064
10 2065
10 2066
10 2067
10 2068
11 341
11 342
11 343
11 344
11 345
11 346
11 347
11 348
11 288
11 289
11 290
11 320
11 321
11 322
11 504
11 505
11 506
11 510
11 511
11 512
11 513
11 2085
11 2086
11 2087
11 2088
11 2089
11 2090
11 2091
11 2092
11 2093
11 2094
11 2095
12 371
12 372
12 373
12 374
12 375
12 376
12 377
12 383
12 384
12 385
12 386
12 387
12 448
12 449
12 450
12 451
12 544
12 545
12 798
12 799
13 408
13 409
13 410
13 411
13 412
13 413
13 378
13 379
13 380
13 381
13 382
13 464
13 465
13 466
13 467
13 2833
13 2834
13 2835
13 2836
14 423
14 424
14 425
14 426
14 427
14 428
14 429
14 230
14 231
14 232
14 233
14 234
14 235
14 236
14 237
14 414
14 415
14 416
14 417
14 418
14 419
14 420
14 421
14 422
14 530
14 531
14 532
15 439
15 440
15 441
15 442
15 443
15 444
15 445
15 446
15 447
15 309
15 310
15 311
15 312
15 362
15 363
15 488
15 489
15 490
15 491
15 499
15 500
15 501
15 502
15 2966
15 2967
15 2968
15 2969
15 2970
15 2971
15 2972
15 2973
15 2974
16 452
16 453
16 454
16 455
16 456
16 457
16 458
16 459
16 402
16 403
16 404
16 405
16 430
16 431
16 432
16 433
16 521
16 522
16 523
16 524
16 525
16 798
16 799
16 3034
16 3035
16 3036
16 3037
16 3038
16 3151
16 3152
16 3153
16 3154
16 3155
16 3156
17 460
17 461
17 462
17 463
17 464
17 465
17 466
17 467
17 367
17 368
17 369
17 370
17 408
17 409
17 410
17 411
17 412
17 430
17 431
17 432
17 433
17 541
17 542
17 543
17 3115
17 3116
17 3117
17 3118
17 3119
17 3126
17 3127
17 3128
17 3129
17 3130
17 3131
18 468
18 469
18 470
18 471
18 472
18 473
18 474
18 267
18 268
18 269
18 414
18 415
18 416
18 417
18 437
18 438
18 492
18 493
18 494
18 495
18 3204
18 3205
18 3206
18 3207
18 3208
18 3209
19 488
19 489
19 490
19 491
19 492
19 493
19 494
19 495
19 378
19 379
19 380
19 381
19 382
19 383
19 384
19 385
19 386
19 387
19 444
19 445
19 446
19 447
19 468
19 469
19 470
19 471
19 475
19 476
19 477
19 3668
19 3669
19 3670
19 3671
19 3672
20 496
20 497
20 498
20 499
20 500
20 501
20 502
20 378
20 379
20 380
20 381
20 382
20 383
20 384
20 385
20 386
20 387
20 439
20 440
20 441
20 442
20 443
20 518
20 519
20 520
20 3687
20 3688
20 3689
20 3690
20 3691
20 3692
20 3693
20 3694
20 3695
21 504
21 505
21 506
21 507
21 508
21 509
21 317
21 318
21 319
21 341
21 342
21 343
21 344
21 345
21 514
21 515
21 516
21 517
21 3864
21 3865
21 3866
21 3867
21 3868
21 3869
21 3870
21 3871
22 510
22 511
22 512
22 513
22 514
22 515
22 516
22 517
22 230
22 231
22 232
22 233
22 234
22 235
22 236
22 237
22 341
22 342
22 343
22 344
22 345
22 484
22 485
22 486
22 487
22 507
22 508
22 509
22 3878
22 3879
22 3880
22 3881
22 3882
22 3883
22 3884
22 3885
22 3886
23 521
23 522
23 523
23 524
23 525
23 526
23 527
23 528
23 529
23 367
23 368
23 369
23 370
23 434
23 435
23 436
23 452
23 453
23 454
23 455
23 478
23 479
23 480
23 533
23 534
23 535
23 536
23 3959
23 3960
23 3961
23 3962
23 3963
23 3967
23 3968
23 3969
23 3970
23 3971
23 3972
24 530
24 531
24 532
24 533
24 534
24 535
24 536
24 426
24 427
24 428
24 429
24 484
24 485
24 486
24 487
24 521
24 522
24 523
24 524
24 525
24 792
24 800
25 546
25 547
25 548
25 549
25 550
25 551
25 552
25 198
25 199
25 200
25 201
25 202
25 203
25 247
25 248
25 249
25 250
25 583
25 584
25 585
25 586
25 587
25 588
25 589
25 590
25 591
25 592
25 593
25 594
25 595
25 4123
25 4124
25 4125
25 4126
26 560
26 561
26 562
26 563
26 564
26 565
26 630
26 631
26 632
26 633
26 644
26 645
26 646
26 647
26 648
26 4231
26 4232
26 4233
26 4234
26 4235
26 4236
26 4237
26 4238
26 4239
26 4240
26 4241
26 4242
27 569
27 570
27 571
27 572
27 573
27 601
27 602
27 603
27 604
27 663
27 664
27 665
27 666
27 4309
27 4310
27 4311
27 4312
27 4313
27 4314
28 578
28 579
28 580
28 581
28 582
28 697
28 698
28 699
28 700
28 701
28 4447
28 4448
28 4449
28 4450
28 4451
28 4452
28 4453
28 4454
28 4455
28 4456
28 4457
28 4458
28 4459
29 583
29 584
29 585
29 586
29 587
29 588
29 589
29 590
29 591
29 592
29 593
29 594
29 595
29 238
29 239
29 240
29 546
29 547
29 548
29 549
29 550
29 649
29 650
29 651
29 652
29 653
29 654
29 655
29 656
29 657
29 658
29 672
29 673
29 674
29 675
29 676
29 4478
29 4479
29 4480
29 4481
29 4482
29 4483
29 4484
29 4485
29 4486
29 4487
29 4488
29 4489
29 4490
29 4491
29 4492
29 4493
29 4494
29 4495
30 596
30 597
30 598
30 599
30 600
30 601
30 602
30 603
30 604
30 569
30 570
30 571
30 572
30 574
30 575
30 576
30 577
30 605
30 606
30 607
30 637
30 638
30 639
30 640
30 641
30 801
30 802
30 4510
30 4511
31 605
31 606
31 607
31 608
31 609
31 601
31 602
31 603
31 604
31 677
31 678
31 679
31 680
31 715
31 716
31 717
32 618
32 619
32 620
32 621
32 622
32 623
32 624
32 625
32 626
32 627
32 628
32 629
32 557
32 558
32 559
32 613
32 614
32 615
32 616
32 617
32 630
32 631
32 632
32 633
32 634
32 635
32 636
32 682
32 683
32 684
32 685
32 686
32 687
32 688
32 689
32 690
32 693
32 694
32 695
32 696
32 697
32 698
32 699
32 700
32 701
32 4638
32 4639
32 4640
32 4641
32 4642
32 4643
32 4644
32 4645
32 4646
33 630
33 631
33 632
33 633
33 634
33 635
33 636
33 560
33 561
33 562
33 618
33 619
33 620
33 621
33 622
33 623
33 624
33 625
33 626
33 627
33 628
33 629
33 794
33 795
34 637
34 638
34 639
34 640
34 641
34 642
34 596
34 597
34 598
34 599
34 600
34 663
34 664
34 665
34 666
34 4653
34 4654
34 4655
34 4656
34 4657
34 4658
34 4659
34 4660
34 4661
34 4662
35 643
35 644
35 645
35 646
35 647
35 648
35 393
35 394
35 395
35 396
35 397
35 563
35 564
35 565
35 4729
35 4730
35 4731
35 4732
35 4733
35 4734
35 4735
35 4736
35 4737
35 4738
35 4739
35 4740
36 649
36 650
36 651
36 652
36 653
36 654
36 655
36 656
36 657
36 658
36 204
36 205
36 206
36 207
36 566
36 567
36 568
36 583
36 584
36 585
36 586
36 587
36 588
36 589
36 590
36 591
36 592
36 593
36 594
36 595
36 746
36 747
36 748
36 749
36 750
36 751
36 752
36 753
36 754
36 771
36 772
36 773
36 774
36 4741
36 4742
36 4743
36 4744
36 4745
36 4746
37 667
37 668
37 669
37 670
37 671
37 672
37 673
37 674
37 675
37 676
37 566
37 567
37 568
37 583
37 584
37 585
37 586
37 587
37 588
37 589
37 610
37 611
37 612
37 659
37 660
37 661
37 662
37 677
37 678
37 679
37 680
37 682
37 683
37 684
37 685
37 686
37 691
37 692
37 4814
37 4815
37 4816
37 4817
37 4818
38 677
38 678
38 679
38 680
38 681
38 608
38 609
38 667
38 668
38 669
38 670
38 671
38 4806
38 4807
38 4808
38 4809
38 4810
38 4811
38 4812
38 4813
39 682
39 683
39 684
39 685
39 686
39 687
39 688
39 689
39 690
39 610
39 611
39 612
39 618
39 619
39 620
39 621
39 622
39 623
39 624
39 625
39 626
39 627
39 628
39 629
39 672
39 673
39 674
39 675
39 676
39 707
39 708
39 709
39 710
39 4841
39 4842
39 4843
39 4844
39 4845
39 4846
39 4847
39 4848
39 4849
39 4850
39 4851
39 4852
39 4853
39 4854
39 4855
39 4856
39 4857
39 4858
40 693
40 694
40 695
40 696
40 697
40 698
40 699
40 700
40 701
40 553
40 554
40 555
40 556
40 578
40 579
40 580
40 581
40 618
40 619
40 620
40 621
40 622
40 623
40 624
40 625
40 626
40 627
40 628
40 629
40 702
40 703
40 704
40 705
40 4991
40 4992
40 4993
40 4994
40 4995
40 4996
40 4997
40 4998
40 4999
40 5000
40 5001
41 702
41 703
41 704
41 705
41 706
41 390
41 391
41 392
41 693
41 694
41 695
41 696
41 5218
41 5219
41 5220
41 5221
41 5222
42 715
42 716
42 717
42 718
42 719
42 720
42 605
42 606
42 607
42 713
42 714
42 778
42 779
42 780
42 781
42 782
42 5372
42 5373
42 5374
42 5375
42 5376
43 721
43 722
43 723
43 724
43 725
43 726
43 727
43 728
43 742
43 743
43 744
43 745
43 755
43 756
43 778
43 779
43 780
43 781
43 782
43 783
43 784
43 5393
43 5394
43 5395
43 5396
43 5397
43 5398
43 5399
43 5400
43 5401
43 5402
43 5403
43 5404
43 5405
44 729
44 730
44 731
44 732
44 733
44 734
44 746
44 747
44 748
44 749
44 750
44 788
44 789
44 790
44 791
44 5415
44 5416
44 5417
44 5418
44 5419
44 5420
44 5421
44 5422
44 5423
44 5424
44 5425
44 5426
44 5427
45 735
45 736
45 737
45 738
45 739
45 740
45 741
45 742
45 743
45 744
45 745
45 751
45 752
45 753
45 754
45 765
45 766
45 767
45 5458
45 5459
45 5460
45 5461
45 5462
45 5468
45 5469
45 5470
45 5471
46 746
46 747
46 748
46 749
46 750
46 751
46 752
46 753
46 754
46 649
46 650
46 651
46 652
46 653
46 654
46 655
46 656
46 657
46 658
46 711
46 712
46 729
46 730
46 731
46 739
46 740
46 741
46 5485
46 5486
46 5487
46 5488
46 5489
46 5490
46 5491
46 5492
46 5493
46 5494
46 5495
46 5496
46 5497
47 755
47 756
47 757
47 758
47 725
47 726
47 727
47 728
47 5635
47 5636
47 5637
47 5638
47 5639
48 759
48 760
48 761
48 762
48 763
48 764
48 193
48 194
48 195
48 196
48 197
48 771
48 772
48 773
48 774
48 5641
48 5642
48 5643
48 5644
48 5645
48 5646
48 5647
48 5648
48 5649
48 5650
48 5651
48 5652
49 765
49 766
49 767
49 768
49 769
49 770
49 735
49 736
49 737
49 738
49 775
49 776
49 777
49 5812
49 5813
49 5814
49 5815
49 5816
49 5817
49 5818
49 5819
49 5820
49 5821
50 771
50 772
50 773
50 774
50 775
50 776
50 777
50 649
50 650
50 651
50 652
50 759
50 760
50 761
50 768
50 769
50 770
50 5855
50 5856
50 5857
50 5858
50 5859
50 5860
51 778
51 779
51 780
51 781
51 782
51 783
51 784
51 718
51 719
51 720
51 721
51 722
51 723
51 724
51 725
51 726
51 727
51 728
51 5902
51 5903
51 5904
51 5905
51 5906
51 5907
51 5908
51 5909
51 5910
52 785
52 786
52 787
52 788
52 789
52 790
52 791
52 659
52 660
52 661
52 662
52 713
52 714
52 732
52 733
52 734
52 5914
52 5915
52 5916
52 5917
52 5918
52 5919
52 5920
52 5921
52 5922
52 5923
53 1078
53 1079
53 1080
53 1081
53 1082
53 1073
53 1074
53 1075
53 1076
53 1077
53 1113
53 1114
53 1241
53 1242
54 1599
54 1600
54 1601
54 1602
54 1603
54 1604
54 1605
54 1606
54 1607
54 1608
54 1609
54 1610
54 251
54 252
54 253
54 254
54 1618
54 1619
54 1663
54 1664
54 1832
54 1833
54 1834
54 1835
54 1836
54 1837
54 1883
54 1884
54 1885
54 1886
54 1887
54 1890
54 1891
54 1892
54 1893
54 1894
54 2114
54 2115
54 2116
54 2206
54 2207
55 1620
55 1621
55 1622
55 1623
55 1624
55 1625
55 1626
55 1627
55 1628
55 1629
55 1630
55 255
55 256
55 1704
55 1705
55 1729
55 1730
55 2083
55 2084
55 2090
55 2091
55 2092
55 2093
55 2094
55 2095
55 2100
55 2101
55 2119
55 2120
55 2160
55 2161
55 2162
55 2163
55 2164
55 2165
55 2166
56 1683
56 1684
56 1685
56 1686
56 1687
56 1688
56 1689
56 1690
56 1691
56 1692
56 1693
56 261
56 262
56 1667
56 1668
56 1669
56 1670
56 1679
56 1680
56 1901
56 1902
56 1939
56 1940
56 2047
56 2048
56 2049
56 2050
57 1777
57 1778
57 1779
57 1780
57 1781
57 1782
57 1783
57 1784
57 1785
57 1786
57 270
57 271
57 272
57 273
57 274
57 275
57 276
57 885
57 886
57 1321
57 1322
57 1323
57 1339
57 1340
57 1357
57 1358
57 1700
57 1701
57 1702
57 1819
57 1820
57 2190
57 2191
58 1832
58 1833
58 1834
58 1835
58 1836
58 1837
58 1599
58 1600
58 1601
58 1602
58 1603
58 1604
58 1605
58 1606
58 1607
58 1608
58 1609
58 1610
58 1830
58 1831
58 1868
58 1869
58 1870
58 1871
58 1872
58 1873
58 1874
59 1860
59 1861
59 1862
59 1863
59 1864
59 1865
59 1866
59 1867
59 1868
59 1869
59 1870
59 1871
59 1872
59 1873
59 1874
59 294
59 295
59 296
59 1714
59 1826
59 1827
59 1828
59 1829
59 1832
59 1833
59 1834
59 1850
59 1851
59 1852
59 1853
59 1854
59 1883
59 1884
59 1885
59 1886
59 1887
59 1974
59 1975
59 2108
59 2109
60 1912
60 1913
60 1914
60 1915
60 1916
60 1917
60 1918
60 1919
60 297
60 298
60 299
60 1811
60 1812
60 2173
60 2174
60 2210
60 2211
60 2212
60 2213
60 2214
60 2215
60 2216
60 2219
60 2220
60 2223
60 2224
61 1950
61 1951
61 1952
61 1953
61 1954
61 1955
61 1956
61 1957
61 1958
61 1959
61 1960
61 306
61 307
61 308
61 1855
61 1856
61 1948
61 1949
61 1967
61 1968
61 1969
61 1970
61 1971
61 1972
61 1973
61 2102
61 2103
61 2144
61 2145
61 2146
61 2147
61 2148
61 2149
62 1978
62 1979
62 1980
62 1981
62 1982
62 1983
62 1984
62 1985
62 1986
62 313
62 314
62 315
62 316
62 1718
62 1719
62 1720
62 1920
62 1921
62 1961
62 1962
62 1963
62 2142
62 2143
62 3536
62 3537
62 3633
62 3634
63 2027
63 2028
63 2029
63 2030
63 2031
63 2032
63 2033
63 2034
63 2035
63 329
63 330
63 331
63 332
63 1760
63 1761
63 1787
63 1788
63 1922
63 1923
63 1924
63 1925
63 1926
63 2198
63 2199
64 2057
64 2058
64 2059
64 2060
64 2061
64 2062
64 2063
64 2064
64 2065
64 2066
64 2067
64 2068
64 333
64 334
64 335
64 336
64 337
64 338
64 339
64 340
64 1681
64 1682
64 1734
64 1735
64 2038
64 2039
64 2040
64 2071
64 2072
64 2096
64 2097
64 2112
64 2113
64 2144
64 2145
64 2146
64 2147
64 2148
64 2149
64 2229
64 2230
64 2231
65 2085
65 2086
65 2087
65 2088
65 2089
65 2090
65 2091
65 2092
65 2093
65 2094
65 2095
65 341
65 342
65 343
65 344
65 345
65 346
65 347
65 348
65 1620
65 1621
65 1622
65 1623
65 1624
65 1754
65 1755
65 1821
65 1822
65 1823
65 2044
65 2045
65 2046
65 2079
65 2080
65 2098
65 2099
65 2129
65 2130
66 2245
66 2246
66 2247
66 2248
66 2249
66 2250
66 2251
66 2252
66 2253
66 2254
66 2255
66 2256
66 2257
66 360
66 361
66 2442
66 2443
66 2481
66 2482
66 2729
66 2730
66 2741
66 2742
66 2940
66 2941
66 3579
66 3580
66 3673
66 3674
66 4110
66 4111
67 2258
67 2259
67 2260
67 2261
67 2262
67 2263
67 2264
67 2265
67 2707
67 2708
67 2709
67 2710
67 2711
67 3013
67 3014
67 3082
67 3083
67 3411
67 3412
68 2304
68 2305
68 2306
68 2307
68 2308
68 2309
68 2310
68 2311
68 2312
68 2313
68 2314
68 2315
68 2316
68 364
68 365
68 366
68 2361
68 2362
68 2533
68 2534
68 2535
68 2536
68 2537
68 2538
68 2539
68 2540
68 2548
68 2549
68 2865
68 2866
68 3168
68 3169
68 3170
68 3526
68 3527
68 4025
68 4026
69 2427
69 2428
69 2429
69 2928
69 2929
69 2930
69 2931
69 2426
69 2924
69 2925
69 2926
69 2927
69 3673
69 3674
69 3794
69 4001
69 4002
69 4003
69 4004
69 4005
69 4006
69 4007
69 4008
70 2436
70 2437
70 2438
70 2439
70 2440
70 2441
70 3451
70 3452
70 3459
70 3460
70 3687
70 3688
70 3689
70 3690
70 3691
70 3692
70 3693
70 3694
70 3695
70 3985
70 3986
71 2464
71 2465
71 2466
71 2467
71 2468
71 2469
71 2470
71 2745
71 3190
71 3191
71 3435
71 3436
71 3742
71 3743
71 3744
71 3745
71 3746
71 3747
72 2477
72 2478
72 2479
72 2480
72 3388
72 3389
72 5216
72 5217
73 2493
73 2494
73 2495
73 2496
73 2497
73 2498
73 2907
73 2908
73 2909
73 2910
73 2911
73 2912
73 2913
73 2914
73 2915
73 3562
73 3563
73 4046
73 4047
73 4048
73 4049
73 4050
73 4051
74 2623
74 2624
74 2625
74 2626
74 2627
74 2628
74 2629
74 2630
74 2631
74 2632
74 2352
74 2353
74 2674
74 2675
74 3053
74 3054
74 3055
74 3212
74 3213
74 3337
74 3346
74 3347
74 3458
74 3864
74 3865
74 3866
74 3867
74 3868
74 3869
74 3870
74 3871
75 2696
75 2697
75 2698
75 2699
75 2700
75 2299
75 2300
75 2301
75 3388
75 3389
75 3640
75 3641
75 3642
76 2739
76 3559
76 3560
76 3561
76 3558
76 4001
76 4002
76 4003
76 4004
76 4005
76 4006
76 4007
76 4008
77 2761
77 2762
77 3782
77 3783
77 3015
77 3016
77 3492
78 2765
78 2766
78 2767
78 2768
78 2769
78 2770
78 2771
78 2772
78 2510
78 2511
78 2512
78 2513
78 2514
78 2515
78 2516
78 2633
78 2634
78 2635
78 2636
78 2655
78 2656
78 2657
78 2658
78 2659
78 2660
78 2661
78 2662
78 3426
78 3427
78 4709
78 5203
79 2778
79 2779
79 2780
79 2781
79 3214
79 3215
79 3216
79 3217
79 3218
79 3219
79 3220
79 3930
79 3931
79 3932
79 3933
79 3934
79 3935
79 3936
80 2789
80 2790
80 2791
80 2792
80 3214
80 3215
80 3216
80 3217
80 3218
80 3219
80 3220
80 3930
80 3931
80 3932
80 3933
80 3934
80 3935
80 3936
81 2837
81 2839
81 2840
81 2841
81 2606
81 2607
81 3777
82 2924
82 2925
82 2926
82 2927
82 2928
82 2929
82 2930
82 2931
82 2350
82 2351
82 2427
82 2428
82 2429
82 2982
82 2983
82 2984
82 2985
82 2986
82 3673
82 3674
82 3793
82 3794
83 2950
83 2951
83 2952
83 2953
83 2954
83 2955
83 2243
83 2244
83 2398
83 2399
83 3495
83 3496
83 3497
83 3498
83 3499
83 3500
83 3750
83 3751
84 3174
84 3175
84 3176
84 3177
84 3178
84 3179
84 3180
84 3181
84 2491
84 2492
84 2499
84 3487
84 3488
84 3564
84 3565
84 3926
84 3927
84 3928
84 3929
84 3941
84 3942
85 3200
85 3201
85 3202
85 3203
85 3204
85 3205
85 3206
85 3207
85 3208
85 3209
85 468
85 469
85 470
85 471
85 3043
85 3044
85 3370
85 3371
85 3483
85 3484
85 4083
85 4084
85 4104
85 4105
85 4106
85 4107
86 3306
86 3307
86 3308
86 3309
86 3310
86 3311
86 3312
86 3313
86 3314
86 3315
86 2504
86 2505
86 3239
86 3240
86 3286
86 3287
86 3288
86 3351
86 3352
86 3353
86 3390
86 3391
86 3430
86 3431
86 3635
86 3636
86 3827
86 3828
87 3418
87 3420
87 3421
87 3422
87 2678
87 2679
87 2680
87 2801
87 2802
88 3419
88 3423
88 3424
88 3425
88 2681
88 2682
88 2683
88 3967
88 3968
88 3969
88 3970
88 3971
88 3972
89 3495
89 3496
89 3497
89 3498
89 3499
89 3500
89 3501
89 3502
89 3503
89 481
89 482
89 483
89 2537
89 2538
89 2539
89 2540
89 2541
89 2542
89 2543
89 2883
89 2884
89 2950
89 2951
89 2952
89 3919
89 3920
89 3921
89 4058
89 4059
89 4060
90 3568
90 3569
90 3570
90 3571
90 3572
90 3573
90 3574
90 3300
90 3301
90 3302
90 3303
90 3613
90 3614
90 3615
90 3738
90 3739
90 3967
90 3968
90 3969
90 3970
90 3971
90 3972
91 3585
91 3586
91 3587
91 3588
91 3589
91 3590
91 3591
91 3592
91 3593
91 3594
91 484
91 485
91 486
91 487
91 2639
91 2640
91 2641
91 3005
91 3006
91 3007
91 3051
91 3052
91 3243
91 3244
91 3245
91 3263
91 3264
91 3265
91 3266
91 3267
91 3268
91 3811
91 3812
91 3813
91 4063
91 4064
91 4065
91 4066
92 3616
92 3617
92 3618
92 3619
92 2302
92 2303
92 3864
92 3865
92 3866
92 3867
92 3868
92 3869
92 3870
92 3871
93 3677
93 3678
93 3679
93 3680
93 2594
93 2595
93 3681
93 3682
94 3706
94 3707
94 3708
94 3709
94 3710
94 3711
94 3712
94 3713
94 3714
94 2406
94 2407
94 2649
94 2650
94 2895
94 2896
94 3552
94 3553
94 3696
94 3697
94 3698
94 3699
94 3831
94 3832
94 3833
94 3834
94 3835
94 3836
94 3837
95 3784
95 3785
95 3786
95 3787
95 3788
95 3789
95 3790
95 3791
95 3792
95 1934
95 1935
95 1936
95 2444
95 2445
95 2608
95 2674
95 2675
95 3908
95 3909
95 4016
95 4017
96 3838
96 3839
96 3840
96 3841
96 3842
96 3843
96 2446
96 2447
96 2726
96 2727
96 2728
96 2905
96 2906
96 3061
96 3062
96 3063
97 3864
97 3865
97 3866
97 3867
97 3868
97 3869
97 3870
97 3871
97 3872
97 3873
97 3874
97 3875
97 3876
97 3877
97 504
97 505
97 506
97 2282
97 2444
97 2445
97 2531
97 2532
97 2628
97 2629
97 2630
97 2631
97 2632
97 3339
97 3340
97 3341
97 3489
97 3490
97 3550
97 3551
97 3618
97 3619
97 3814
97 3815
97 3816
97 3817
97 3818
97 3819
97 3820
97 3821
97 3822
97 3908
97 3909
98 4075
98 4076
98 4077
98 4078
98 4079
98 4080
98 4081
98 4082
98 2615
98 2616
98 3047
98 3048
98 3103
98 3104
98 3106
98 3448
98 3449
98 3450
98 3640
98 3641
98 3642
99 4139
99 4140
99 4141
99 4142
99 4168
99 4169
99 4170
99 4171
99 4172
99 4991
99 4992
99 4993
99 4994
99 4995
99 4996
99 4997
100 4151
100 4152
100 4153
100 4154
100 4155
100 4156
100 4157
100 4158
100 4159
100 4160
100 4161
100 4243
100 4244
100 4643
100 4644
100 4645
100 4646
100 4984
100 4985
100 5082
101 4162
101 4163
101 4164
101 4165
101 4783
101 4784
101 5140
101 5141
101 5142
102 4194
102 4195
102 4196
102 4197
102 4437
102 4438
102 4439
102 4573
102 4574
102 4575
103 4221
103 4222
103 4223
103 4224
103 4225
103 4226
103 4227
103 4228
103 4229
103 4230
103 557
103 558
103 559
103 4187
103 4413
103 4414
103 4499
103 4500
103 4763
103 4764
103 4765
103 5076
103 5077
103 5078
104 4274
104 4275
104 4276
104 4277
104 4278
104 4188
104 4189
104 4510
104 4511
104 5061
104 5062
105 4286
105 4287
105 4288
105 4289
105 4290
105 4249
105 4250
105 4357
105 4358
105 4474
105 4475
106 4309
106 4310
106 4311
106 4312
106 4313
106 4314
106 4315
106 4316
106 4317
106 4318
106 4319
106 569
106 570
106 571
106 572
106 4628
106 4629
106 4682
106 4683
106 4803
106 4804
106 4859
106 4860
106 4861
106 4862
106 4939
106 4940
106 5017
106 5046
106 5047
106 5234
106 5235
107 4322
107 4323
107 4324
107 4325
107 4326
107 4301
107 4302
107 4320
107 4321
107 5052
107 5053
107 5054
108 4348
108 4349
108 4350
108 4351
108 4624
108 4625
108 4944
108 4945
108 4946
108 4947
109 4376
109 4377
109 4378
109 4379
109 4380
109 4478
109 4479
109 4480
109 4481
109 4482
109 4483
109 4490
109 4491
109 5056
110 4386
110 4387
110 4388
110 4389
110 4390
110 4927
110 4954
110 4955
110 5258
110 5259
110 5260
111 4435
111 4436
111 4437
111 4438
111 4439
111 4194
111 4195
111 4196
111 4284
111 4285
111 4944
111 4945
111 4946
111 4947
112 4512
112 4513
112 4514
112 4515
112 4516
112 4158
112 4159
112 4160
112 4161
112 4217
112 4218
112 4901
112 4902
113 4523
113 4524
113 4525
113 4526
113 4463
113 4464
113 4517
113 4518
114 4536
114 4537
114 4538
114 4539
114 4841
114 4842
114 4843
114 4844
114 4845
114 4846
114 4847
114 4848
114 4849
114 5270
114 5271
114 5272
114 5273
114 5274
114 5275
114 5276
114 5277
115 4553
115 4554
115 4555
115 4284
115 4285
116 4560
116 4561
116 4562
116 4563
116 3428
116 3429
116 5227
116 5228
117 4573
117 4574
117 4575
117 4576
117 4194
117 4195
117 4196
117 5218
117 5219
117 5220
117 5221
117 5222
118 4577
118 4578
118 4579
118 4694
118 4695
118 4696
118 4697
118 4698
119 4580
119 4581
119 4582
119 4583
119 4584
119 4585
119 4586
119 4587
119 610
119 611
119 612
119 4355
119 4367
119 4368
119 4594
119 4595
119 4958
119 4959
119 5166
119 5167
119 5168
120 4694
120 4695
120 4696
120 4697
120 4698
120 4699
120 4577
120 4578
120 4917
120 4918
120 4944
120 4945
120 4946
120 4947
120 5218
120 5219
120 5220
120 5221
120 5222
121 4768
121 4769
121 4770
121 4771
121 4173
121 4174
121 4175
121 4176
121 4177
121 4991
121 4992
121 4993
121 4994
121 4995
121 4996
121 4997
122 4772
122 4773
122 4774
122 4775
122 5063
122 5064
122 5065
122 5066
122 5103
122 5104
123 4785
123 4786
123 4787
123 4788
123 4173
123 4174
123 4175
123 4176
123 4177
123 5050
123 5051
124 4806
124 4807
124 4808
124 4809
124 4810
124 4811
124 4812
124 4813
124 4814
124 4815
124 4816
124 4817
124 4818
124 672
124 673
124 674
124 675
124 676
124 677
124 678
124 679
124 680
124 4190
124 4191
124 4305
124 4399
124 4400
124 4440
124 4441
124 4442
124 4607
124 4608
124 4829
124 4830
124 4831
124 4832
124 4879
124 4880
124 4881
124 4937
124 4938
125 4829
125 4830
125 4831
125 4832
125 4833
125 4814
125 4815
125 4816
125 4817
125 4818
125 4968
125 4969
125 5097
125 5098
125 5099
125 5100
126 4859
126 4860
126 4861
126 4862
126 4863
126 4864
126 4865
126 4866
126 4145
126 4146
126 4309
126 4310
126 4311
126 4312
126 4313
126 4314
126 4359
126 4360
126 5013
126 5014
126 5046
126 5047
126 5198
126 5199
126 5200
127 4913
127 4914
127 4915
127 4916
127 4231
127 4232
127 4233
127 4234
127 4235
127 4236
127 4729
127 4730
127 4731
127 4732
127 4733
127 4734
128 4928
128 4929
128 4930
128 4931
128 4932
128 4231
128 4232
128 4233
128 4234
128 4235
128 4236
128 4365
128 4366
128 5085
128 5086
129 4933
129 4934
129 4935
129 4936
129 4991
129 4992
129 4993
129 4994
129 4995
129 4996
129 4997
129 5143
129 5144
129 5145
130 4978
130 4979
130 4980
130 4981
130 4411
130 4412
130 4991
130 4992
130 4993
130 4994
130 4995
130 4996
130 4997
131 5039
131 5040
131 5041
131 5042
131 5043
131 5044
131 5045
131 4638
131 4639
131 4640
131 4641
131 4642
131 4643
131 4644
131 4645
131 4646
131 5028
131 5031
131 5032
131 5033
131 5034
131 5035
131 5036
132 5057
132 5058
132 5059
132 5060
132 4247
132 4248
132 4880
132 4881
133 5073
133 5074
133 5075
133 4917
133 4918
134 5091
134 5092
134 5093
134 5094
134 5095
134 5096
134 4972
134 4973
134 5067
134 5068
134 5069
134 5101
134 5132
134 5133
135 5214
135 5215
135 5216
135 5217
135 2478
135 2479
135 2480
135 5227
135 5228
136 5218
136 5219
136 5220
136 5221
136 5222
136 5223
136 5224
136 5225
136 5226
136 702
136 703
136 704
136 705
136 4573
136 4574
136 4575
136 4694
136 4695
136 4696
136 4697
136 4698
136 4896
136 4952
136 4953
136 4964
136 5140
136 5141
136 5142
137 5258
137 5259
137 5260
137 5261
137 4386
137 4387
137 4388
137 4389
137 4998
137 4999
137 5000
137 5001
138 5294
138 5295
138 5296
138 5297
138 5298
138 5299
138 5377
138 5378
138 5379
138 5502
138 5503
138 5759
138 5914
138 5915
138 5916
138 5917
138 5918
138 5919
139 5320
139 5321
139 5322
139 5323
139 5324
139 5325
139 5326
139 711
139 712
139 5285
139 5286
139 5483
139 5484
139 5666
139 5667
139 5808
140 5335
140 5336
140 5337
140 5338
140 5339
140 5340
140 5341
140 5415
140 5416
140 5417
140 5418
140 5419
140 5420
140 5434
140 5435
140 5436
140 5437
140 5626
140 5627
140 5737
140 5738
140 5902
140 5903
140 5904
140 5905
140 5906
141 5372
141 5373
141 5374
141 5375
141 5376
141 5377
141 5378
141 5379
141 715
141 716
141 717
141 5294
141 5295
141 5296
141 5297
141 5370
141 5371
141 5530
141 5531
141 5532
141 5533
141 5842
141 5843
142 5430
142 5431
142 5432
142 5433
142 5434
142 5435
142 5436
142 5437
142 5335
142 5336
142 5337
142 5338
142 5447
142 5448
142 5449
142 5450
142 5798
142 5799
142 5822
142 5823
142 5853
142 5854
143 5458
143 5459
143 5460
143 5461
143 5462
143 5468
143 5469
143 5470
143 5471
143 735
143 736
143 737
143 738
143 739
143 740
143 741
143 5440
143 5441
143 5481
143 5482
143 5547
143 5548
143 5549
143 5550
143 5746
143 5747
143 5780
143 5781
143 5782
143 5783
144 5485
144 5486
144 5487
144 5488
144 5489
144 5490
144 5491
144 5492
144 5493
144 5494
144 5495
144 5496
144 5497
144 746
144 747
144 748
144 749
144 750
144 751
144 752
144 753
144 754
144 5318
144 5319
144 5389
144 5390
144 5512
144 5513
144 5528
144 5529
144 5545
144 5546
144 5734
144 5806
144 5807
144 5887
144 5888
145 5506
145 5507
145 5508
145 5900
145 5901
146 5630
146 5631
146 5632
146 5633
146 5634
146 5635
146 5636
146 5637
146 5638
146 5639
146 757
146 758
146 5438
146 5439
146 5500
146 5501
146 5581
146 5582
146 5583
146 5608
146 5609
146 5641
146 5642
146 5643
146 5644
146 5645
146 5646
146 5647
146 5648
146 5649
146 5650
146 5651
146 5652
146 5653
146 5654
147 5641
147 5642
147 5643
147 5644
147 5645
147 5646
147 5647
147 5648
147 5649
147 5650
147 5651
147 5652
147 759
147 760
147 761
147 762
147 763
147 764
147 5363
147 5364
147 5630
147 5631
147 5632
147 5633
147 5634
147 5635
147 5636
147 5637
147 5638
147 5639
147 5661
147 5670
147 5671
147 5672
147 5673
147 5674
147 5796
147 5797
147 5878
147 5879
147 5880
148 5675
148 5676
148 5677
148 5678
148 5679
148 5680
148 5681
148 5682
148 5683
148 4741
148 4742
148 4743
148 4744
148 4745
148 4746
148 5479
148 5480
148 5498
148 5499
148 5586
148 5587
148 5588
148 5589
148 5623
148 5748
148 5749
148 5750
148 5900
148 5901
149 5691
149 5692
149 5693
149 5694
149 5385
149 5386
149 5598
149 5599
150 5812
150 5813
150 5814
150 5815
150 5816
150 5817
150 5818
150 5819
150 5820
150 5821
150 765
150 766
150 767
150 768
150 769
150 770
150 5342
150 5343
150 5451
150 5452
150 5562
150 5563
150 5824
150 5825
150 5826
150 5827
150 5828
150 5829
150 5830
151 5855
151 5856
151 5857
151 5858
151 5859
151 5860
151 5861
151 5862
151 771
151 772
151 773
151 774
151 775
151 776
151 777
151 5344
151 5345
151 5867
151 5868
151 5869
151 5870
151 5875
151 5876
151 5892
151 5893
152 5867
152 5868
152 5869
152 5870
152 5871
152 5872
152 5873
152 5874
152 5368
152 5369
152 5504
152 5505
152 5560
152 5561
152 5573
152 5574
152 5575
152 5579
152 5580
152 5861
152 5862
153 5892
153 5893
153 5894
153 5855
153 5856
153 5857
153 5858
153 5859
153 5860
154 5902
154 5903
154 5904
154 5905
154 5906
154 5907
154 5908
154 5909
154 5910
154 778
154 779
154 780
154 781
154 782
154 5306
154 5307
154 5335
154 5336
154 5337
154 5338
154 5659
154 5660
154 5847
154 5848
154 5849
154 5850
155 5914
155 5915
155 5916
155 5917
155 5918
155 5919
155 5920
155 5921
155 5922
155 5923
155 785
155 786
155 787
155 788
155 789
155 790
155 791
155 5294
155 5295
155 5296
155 5297
155 5592
155 5593
155 5624
155 5625
155 5754
155 5755
155 5756
155 5757
155 5774
155 5775
155 5776
155 5777
155 5778
155 5779
155 5924
155 5925