1 22
1 23
1 24
1 25
1 26
1 27
1 28
1 33
1 34
1 35
1 10
1 11
1 12
1 13
1 16
1 17
1 18
1 19
1 29
1 30
1 31
1 32
1 36
1 37
1 38
1 39
1 40
1 41
1 42
1 83
1 84
1 85
2 22
2 23
2 24
2 25
2 26
2 27
2 28
2 36
2 37
2 38
2 39
2 40
2 41
2 10
2 11
2 12
2 13
2 16
2 17
2 18
2 19
2 29
2 30
2 31
2 32
2 33
2 34
2 35
2 57
2 58
2 63
2 64
2 65
2 66
2 67
2 68
2 69
2 83
2 84
2 85
3 33
3 34
3 35
3 42
3 22
3 23
3 24
3 25
3 26
3 27
3 28
3 36
3 37
3 38
3 39
3 40
3 41
4 33
4 34
4 35
4 36
4 37
4 38
4 39
4 40
4 41
4 22
4 23
4 24
4 25
4 26
4 27
4 28
4 42
4 57
4 58
4 63
4 64
4 65
4 66
4 67
4 68
4 69
5 16
5 17
5 18
5 19
5 43
5 44
5 45
5 46
5 47
5 10
5 11
5 12
5 13
5 14
5 15
5 22
5 23
5 24
5 25
5 26
5 27
5 28
5 48
5 49
5 50
5 51
5 52
5 53
5 54
5 55
5 56
6 43
6 44
6 45
6 46
6 47
6 48
6 16
6 17
6 18
6 19
6 49
6 50
6 51
6 52
6 53
6 54
6 55
6 56
7 79
7 80
7 81
7 82
7 83
7 84
7 85
7 22
7 23
7 24
7 25
7 26
7 27
7 28
7 31
7 32
7 75
7 76
7 77
7 86
7 87
7 88
7 89