1 80
1 81
1 82
1 83
1 78
1 79
1 84
1 85
1 86
2 89
2 90
2 91
2 94
2 95
2 87
2 88
2 92
2 93
2 96
2 97
3 34
3 35
3 36
3 100
3 101
3 102
3 30
3 31
3 32
3 33
3 37
3 38
3 39
3 98
3 99
3 157
3 158
4 107
4 108
4 109
4 111
4 112
4 105
4 106
4 110
4 113
4 114
5 49
5 50
5 51
5 52
5 130
5 131
5 132
5 133
5 40
5 41
5 42
5 43
5 44
5 45
5 58
5 59
5 60
5 61
5 62
5 63
5 134
5 135
5 136
5 137
5 165
5 166
5 167
5 168
6 130
6 131
6 132
6 133
6 136
6 137
6 49
6 50
6 51
6 52
6 134
6 135
6 165
6 166
6 167
6 168
7 67
7 68
7 69
7 70
7 71
7 140
7 141
7 15
7 16
7 17
7 18
7 21
7 22
7 23
7 58
7 59
7 60
7 61
7 62
7 63
7 64
7 65
7 66
7 138
7 139
8 64
8 65
8 66
8 142
8 143
8 58
8 59
8 60
8 61
8 62
8 63
8 67
8 68
8 69
8 70
8 71
8 144
8 145
9 46
9 47
9 48
9 155
9 156
9 40
9 41
9 42
9 43
9 44
9 45
9 53
9 54
9 55
9 56
9 57
9 153
9 154
10 58
10 59
10 60
10 61
10 62
10 63
10 149
10 150
10 151
10 152
10 40
10 41
10 42
10 43
10 44
10 45
10 49
10 50
10 51
10 52
10 53
10 54
10 55
10 56
10 57
10 64
10 65
10 66
10 67
10 68
10 69
10 70
10 71
10 121
10 122
10 123
10 124
10 125
10 146
10 147
10 148
10 153
10 154
11 49
11 50
11 51
11 52
11 136
11 137
11 40
11 41
11 42
11 43
11 44
11 45
11 58
11 59
11 60
11 61
11 62
11 63
11 130
11 131
11 132
11 133
12 128
12 129
12 165
12 166
12 167
12 168
12 115
12 116
12 117
12 130
12 131
12 132
12 133
12 134
12 135
12 169
12 170
13 126
13 127
13 169
13 170
13 118
13 119
13 120
13 165
13 166
13 167
13 168
14 40
14 41
14 42
14 43
14 44
14 45
14 163
14 164
14 37
14 38
14 39
14 46
14 47
14 48
14 49
14 50
14 51
14 52
14 53
14 54
14 55
14 56
14 57
14 58
14 59
14 60
14 61
14 62
14 63
14 161
14 162