1 118
1 119
1 120
1 121
1 122
1 123
1 124
1 125
1 126
1 127
1 128
1 129
1 182
1 183
1 19
1 20
1 21
1 22
1 23
1 24
1 25
1 26
1 27
1 28
1 29
1 30
1 132
1 133
1 134
1 135
1 136
1 137
1 138
1 139
1 140
1 141
1 142
1 143
1 161
1 162
1 163
1 164
1 165
1 166
1 167
1 168
1 169
1 170
1 171
1 172
1 173
1 174
1 175
1 184
1 185
1 186
1 187
1 188
1 189
1 190
1 191
1 192
1 193
1 194
1 195
1 196
1 197
1 198
1 199
1 200
1 201
1 202
1 203
1 204
1 205
1 206
1 207
1 208
1 209
1 210
1 211
1 212
1 213
1 214
1 215
1 216
1 217
1 218
1 219
1 220
1 221
1 222
1 223
1 224
1 225
1 226
1 227
1 228
1 236
1 237
1 238
1 239
1 240
1 241
1 242
1 243
1 244
1 245
1 246
1 247
1 299
1 300
1 301
1 302
1 303
1 304
1 305
1 306
1 307
1 331
1 332
1 333
1 334
1 335
1 336
1 337
1 338
1 339
1 340
1 341
1 342
1 343
1 344
1 372
1 373
1 374
1 375
1 376
1 377
1 378
1 379
1 380
1 381
1 382
1 383
1 384
1 385
1 388
1 389
1 390
1 391
1 392
1 393
2 161
2 162
2 163
2 164
2 165
2 166
2 167
2 168
2 169
2 170
2 171
2 172
2 173
2 174
2 175
2 264
2 265
2 266
2 13
2 14
2 15
2 16
2 17
2 18
2 19
2 20
2 21
2 22
2 23
2 24
2 25
2 26
2 27
2 28
2 29
2 30
2 98
2 99
2 100
2 101
2 102
2 103
2 104
2 105
2 106
2 118
2 119
2 120
2 121
2 122
2 123
2 124
2 125
2 126
2 127
2 128
2 129
2 132
2 133
2 134
2 135
2 136
2 137
2 138
2 139
2 140
2 141
2 142
2 143
2 184
2 185
2 186
2 187
2 188
2 189
2 190
2 191
2 192
2 193
2 194
2 195
2 196
2 197
2 198
2 199
2 200
2 201
2 202
2 203
2 204
2 205
2 206
2 207
2 208
2 209
2 210
2 211
2 212
2 213
2 214
2 215
2 216
2 217
2 218
2 219
2 220
2 221
2 222
2 223
2 224
2 225
2 226
2 227
2 228
2 236
2 237
2 238
2 239
2 240
2 241
2 242
2 243
2 244
2 245
2 246
2 247
2 268
2 269
2 270
2 271
2 272
2 273
2 274
2 299
2 300
2 301
2 302
2 303
2 304
2 305
2 306
2 307
2 331
2 332
2 333
2 334
2 335
2 336
2 337
2 338
2 339
2 340
2 341
2 342
2 343
2 344
2 372
2 373
2 374
2 375
2 376
2 377
2 378
2 379
2 380
2 381
2 382
2 383
2 384
2 385
2 388
2 389
2 390
2 391
2 392
2 393
3 55
3 56
3 57
3 58
3 176
3 177
3 178
3 98
3 99
3 100
3 101
3 102
3 103
3 104
3 105
3 106
3 130
3 131
3 147
3 148
3 149
3 150
3 404
3 405
3 406
3 407
3 408
3 409
3 417
3 418
3 419
3 420
3 421
4 44
4 45
4 46
4 47
4 48
4 49
4 50
4 51
4 52
4 53
4 159
4 160
4 33
4 34
4 35
4 36
4 37
4 38
4 39
4 40
4 41
4 42
4 43
4 67
4 68
4 69
4 70
4 71
4 72
4 73
4 74
4 75
4 93
4 94
4 95
4 96
4 97
4 132
4 133
4 134
4 135
4 136
4 137
4 138
4 139
4 140
4 141
4 142
4 143
4 197
4 198
4 199
4 200
4 201
4 202
4 203
4 204
4 205
4 206
4 207
4 208
4 209
4 215
4 216
4 217
4 218
4 219
4 220
4 221
4 222
4 223
4 224
4 225
4 226
4 227
4 228
4 248
4 249
4 250
4 251
4 252
4 253
4 254
4 255
4 256
4 315
4 316
4 317
4 318
4 319
4 320
4 321
4 322
4 323
4 324
4 325
4 326
4 327
4 328
4 329
4 331
4 332
4 333
4 334
4 335
4 336
4 337
4 338
4 339
4 340
4 341
4 342
4 343
4 344
4 372
4 373
4 374
4 375
4 376
4 377
4 378
4 379
4 380
4 381
4 382
4 383
4 384
4 385
5 111
5 112
5 404
5 405
5 406
5 407
5 408
5 409
5 55
5 56
5 57
5 58
5 98
5 99
5 100
5 101
5 102
5 103
5 104
5 105
5 106
5 299
5 300
5 301
5 302
5 303
5 304
5 305
5 306
5 307
5 308
5 309
5 313
5 314
5 417
5 418
5 419
5 420
5 421
6 152
6 153
6 154
6 155
6 156
6 157
6 158
6 234
6 235
6 19
6 20
6 21
6 22
6 23
6 24
6 25
6 26
6 27
6 28
6 29
6 30
6 80
6 81
6 82
6 83
6 84
6 85
6 86
6 87
6 179
6 180
6 184
6 185
6 186
6 187
6 188
6 189
6 190
6 191
6 192
6 193
6 194
6 195
6 196
6 315
6 316
6 317
6 318
6 319
6 320
6 321
6 322
6 323
6 324
6 325
6 326
6 327
6 328
6 329
6 331
6 332
6 333
6 334
6 335
6 336
6 337
6 338
6 339
6 340
6 341
6 342
6 343
6 344
7 181
7 315
7 316
7 317
7 318
7 319
7 320
7 321
7 322
7 323
7 324
7 325
7 326
7 327
7 328
7 329
7 19
7 20
7 21
7 22
7 23
7 24
7 25
7 26
7 27
7 28
7 29
7 30
7 44
7 45
7 46
7 47
7 48
7 49
7 50
7 51
7 52
7 53
7 67
7 68
7 69
7 70
7 71
7 72
7 73
7 74
7 75
7 80
7 81
7 82
7 83
7 84
7 85
7 86
7 87
7 132
7 133
7 134
7 135
7 136
7 137
7 138
7 139
7 140
7 141
7 142
7 143
7 152
7 153
7 154
7 155
7 156
7 157
7 158
7 184
7 185
7 186
7 187
7 188
7 189
7 190
7 191
7 192
7 193
7 194
7 195
7 196
7 197
7 198
7 199
7 200
7 201
7 202
7 203
7 204
7 205
7 206
7 207
7 208
7 209
7 215
7 216
7 217
7 218
7 219
7 220
7 221
7 222
7 223
7 224
7 225
7 226
7 227
7 228
7 236
7 237
7 238
7 239
7 240
7 241
7 242
7 243
7 244
7 245
7 246
7 247
7 248
7 249
7 250
7 251
7 252
7 253
7 254
7 255
7 256
7 331
7 332
7 333
7 334
7 335
7 336
7 337
7 338
7 339
7 340
7 341
7 342
7 343
7 344
7 362
7 363
7 364
7 365
7 372
7 373
7 374
7 375
7 376
7 377
7 378
7 379
7 380
7 381
7 382
7 383
7 384
7 385
8 76
8 77
8 372
8 373
8 374
8 375
8 376
8 377
8 378
8 379
8 380
8 381
8 382
8 383
8 384
8 385
8 44
8 45
8 46
8 47
8 48
8 49
8 50
8 51
8 52
8 53
8 67
8 68
8 69
8 70
8 71
8 72
8 73
8 74
8 75
8 118
8 119
8 120
8 121
8 122
8 123
8 124
8 125
8 126
8 127
8 128
8 129
8 132
8 133
8 134
8 135
8 136
8 137
8 138
8 139
8 140
8 141
8 142
8 143
8 161
8 162
8 163
8 164
8 165
8 166
8 167
8 168
8 169
8 170
8 171
8 172
8 173
8 174
8 175
8 184
8 185
8 186
8 187
8 188
8 189
8 190
8 191
8 192
8 193
8 194
8 195
8 196
8 197
8 198
8 199
8 200
8 201
8 202
8 203
8 204
8 205
8 206
8 207
8 208
8 209
8 215
8 216
8 217
8 218
8 219
8 220
8 221
8 222
8 223
8 224
8 225
8 226
8 227
8 228
8 236
8 237
8 238
8 239
8 240
8 241
8 242
8 243
8 244
8 245
8 246
8 247
8 248
8 249
8 250
8 251
8 252
8 253
8 254
8 255
8 256
8 260
8 261
8 262
8 263
8 315
8 316
8 317
8 318
8 319
8 320
8 321
8 322
8 323
8 324
8 325
8 326
8 327
8 328
8 329
8 331
8 332
8 333
8 334
8 335
8 336
8 337
8 338
8 339
8 340
8 341
8 342
8 343
8 344
9 268
9 269
9 270
9 271
9 272
9 273
9 274
9 369
9 13
9 14
9 15
9 16
9 17
9 18
9 98
9 99
9 100
9 101
9 102
9 103
9 104
9 105
9 106
9 161
9 162
9 163
9 164
9 165
9 166
9 167
9 168
9 169
9 170
9 171
9 172
9 173
9 174
9 175
9 299
9 300
9 301
9 302
9 303
9 304
9 305
9 306
9 307
9 357
9 358
9 359
9 398
9 399
9 400
10 80
10 81
10 82
10 83
10 84
10 85
10 86
10 87
10 386
10 387
10 19
10 20
10 21
10 22
10 23
10 24
10 25
10 26
10 27
10 28
10 29
10 30
10 152
10 153
10 154
10 155
10 156
10 157
10 158
10 184
10 185
10 186
10 187
10 188
10 189
10 190
10 191
10 192
10 193
10 194
10 195
10 196
10 234
10 235
10 236
10 237
10 238
10 239
10 240
10 241
10 242
10 243
10 244
10 245
10 246
10 247
10 277
10 278
10 279
10 280
10 281
10 315
10 316
10 317
10 318
10 319
10 320
10 321
10 322
10 323
10 324
10 325
10 326
10 327
10 328
10 329
10 331
10 332
10 333
10 334
10 335
10 336
10 337
10 338
10 339
10 340
10 341
10 342
10 343
10 344